15N(a,g)19F
*************************************************** *************************************************** **********
2 ! Zproj
7 ! Ztarget
0 ! Zexitparticle (=0 when only 2 channels open)
4.0026 ! Aproj
15.000 ! Atarget
0 ! Aexitparticle (=0 when only 2 channels open)
0.0 ! Jproj
0.5 ! Jtarget
0 ! Jexitparticle (=0 when only 2 channels open)
4013.74 ! projectile separation energy (keV)
0 ! exit particle separation energy (=0 when only 2 channels o pen)
1.25 ! Radius parameter R0 (fm)
2 ! Gamma-ray channel number (=2 if ejectile is a g-ray; =3 oth erwise)
*************************************************** *************************************************** **********
2.0 ! Minimum energy for numerical integration (keV)
5000 ! Number of random samples (>5000 for better statistics )
0 ! =0 for rate output at all temperatures; =NT for rate output at selected temperatures
*************************************************** *************************************************** **********
Nonresonant Contribution
S(keVb) S’(b) S’’(b/keV) fracErr Cutoff Energy (keV)
6.148e3 0.0 0.0 0.4 1000.0
0.0 0.0 0.0 0.0 0.0
*************************************************** *************************************************** **********
Resonant Contribution
Note: G1 = entrance channel, G2 = exit channel, G3 = spectator channel !! Ecm, Exf in (keV); wg, Gx in (eV) !!
Note: if Er<0, theta^2=C2S*theta_sp^2 must be entered inst ead of entrance channel partial width
Ecm DEcm wg Dwg Jr G1 DG1 L1 G2 DG2 L2 G3 DG3 L3 Exf Int
-15.0 0.7 0 0 3.5 0.135 0.05 4 0.035 0.013 1 0 0 0 0.0 1
18.8 1.2 0 0 4.5 1.2e-69 0.4e-69 4 0.0098 0.0022 1 0 0 0 0.0 1
363.96 0.08 6.0e-9 4.7e-9 0 0 0 0 0 0 0 0 0 0 0.0 0
536.2 0.8 95.5e-6 11.7e-6 0 0 0 0 0 0 0 0 0 0 0.0 0
542.4 0.5 6.4e-6 2.5e-6 0 0 0 0 0 0 0 0 0 0 0.0 0
668.8 0.7 5.6e-3 0.6e-3 0 0 0 0 0 0 0 0 0 0 0.0 0
1092.9 0.9 9.7e-3 1.6e-3 0 0 0 0 0 0 0 0 0 0 0.0 0
1323.0 2.0 0 0 0.5 1.3e3 0.5e3 1 1.69 0.14 1 0 0 0 0.0 1
1404.0 1.0 0.380 0.044 0 0 0 0 0 0 0 0 0 0 0.0 0
1449.8 1.5 2.10 0.14 0 0 0 0 0 0 0 0 0 0 0.0 0
1487.0 1.7 0 0 1.5 4.e3 1.e3 1 1.78 0.17 1 0 0 0 0.0 1
1521.0 2.0 0.344 0.040 0 0 0 0 0 0 0 0 0 0 0.0 0
1607.0 1.0 0.323 0.038 0 0 0 0 0 0 0 0 0 0 0.0 0
1924.0 1.0 0.416 0.048 0 0 0 0 0 0 0 0 0 0 0.0 0
2056.0 1.0 0 0 3.5 1.2e3 0.4e3 3 0.525 0.065 1 0 0 0 0.0 1
2074.0 1.0 0 0 1.5 4.7e3 1.6e3 2 2.5 0.3 1 0 0 0 0.0 1
2086.0 2.0 0.440 0.069 0 0 0 0 0 0 0 0 0 0 0.0 0
2146.9 0.9 2.40 0.50 0 0 0 0 0 0 0 0 0 0 0.0 0
2268.0 2.0 0 0 2.5 2.4e3 0.7e3 3 0.33 0.07 1 0 0 0 0.0 1
2316.0 2.0 0 0 3.5 2.4e3 0.7e3 3 0.19 0.04 1 0 0 0 0.0 1
2483.0 1.4 1.7 0.30 0 0 0 0 0 0 0 0 0 0 0.0 0
2486.3 0.9 2.3 0.4 0 0 0 0 0 0 0 0 0 0 0.0 0
2513.8 1.4 0 0 1.5 4.e3 1.5e3 1 1.2 0.2 1 0 0 0 0.0 1
2540.0 2.0 0 0 3.5 1.6e3 0.5e3 3 0.16 0.03 1 0 0 0 0.0 1
2578.0 2.0 1.6 0.2 0 0 0 0 0 0 0 0 0 0 0.0 0
2773.0 2.0 10.9 1.5 0 0 0 0 0 0 0 0 0 0 0.0 0
2824.7 0.9 0 0 2.5 1.2e3 0.4e3 3 0.33 0.07 1 0 0 0 0.0 1
2877.0 4.0 0 0 1.5 28.e3 8.e3 2 3.0 0.7 1 0 0 0 0.0 1
2912.8 1.7 0 0 3.5 2.4e3 0.8e3 4 2.4 0.4 1 0 0 0 0.0 1
3152.5 0.7 1.00 0.12 0 0 0 0 0 0 0 0 0 0 0.0 0
3525.9 0.9 17.5 1.7 0 0 0 0 0 0 0 0 0 0 0.0 0
3646.9 0.9 3.7 0.9 0 0 0 0 0 0 0 0 0 0 0.0 0
3923.0 3.0 3.1 0.5 0 0 0 0 0 0 0 0 0 0 0.0 0
4274.0 2.0 0.55 0.06 0 0 0 0 0 0 0 0 0 0 0.0 0
4296.3 1.2 2.1 0.5 0 0 0 0 0 0 0 0 0 0 0.0 0
4356.0 4.0 0 0 3.5 7.5e3 1.5e3 3 0.13 0.05 1 0 0 0 0.0 1
4569.8 1.6 5.1 1.3 0 0 0 0 0 0 0 0 0 0 0.0 0
4578.2 1.0 0 0 1.5 2.0e3 0.1e3 2 0.8 0.2 1 0 0 0 0.0 1
4615.0 4.0 2.5 0.4 0 0 0 0 0 0 0 0 0 0 0.0 0
4850.0 4.0 0.20 0.05 0 0 0 0 0 0 0 0 0 0 0.0 0
4939.0 3.0 0.89 0.13 0 0 0 0 0 0 0 0 0 0 0.0 0
5016.0 5.0 0 0 2.5 4.2e3 1.0e3 2 0.18 0.09 1 0 0 0 0.0 1
5086.0 0.7 0.48 0.15 0 0 0 0 0 0 0 0 0 0 0.0 0
5087.0 4.0 0.4 0.1 0 0 0 0 0 0 0 0 0 0 0.0 0
5153.0 1.4 0 0 0.5 6.2e3 0.5e3 1 1.4 1.0 1 0 0 0 0.0 1
5190.0 7.0 0 0 1.5 10.2e3 1.5e3 1 0.8 0.3 1 0 0 0 0.0 1
5253.0 4.0 0 0 5.5 2.e3 1.e3 5 0.025 0.007 1 0 0 0 0.0 1
5266.0 5.0 0.38 0.09 0 0 0 0 0 0 0 0 0 0 0.0 0
5307.0 1.1 0 0 0.5 5.0e3 0.2e3 1 3.4 1.7 1 0 0 0 0.0 1
5495.0 4.0 0.7 0.2 0 0 0 0 0 0 0 0 0 0 0.0 0
5522.7 2.0 0 0 2.5 6.3e3 1.5e3 3 0.17 0.06 1 0 0 0 0.0 1
5572.0 3.0 0 0 3.5 8.9e3 1.2e3 3 1.3 0.8 1 0 0 0 0.0 1
5628.0 6.0 0 0 1.5 8.e3 4.e3 1 0.5 0.25 1 0 0 0 0.0 1
5640.0 6.0 0 0 1.5 6.e3 3.e3 1 1.0 0.5 1 0 0 0 0.0 1
5653.8 1.5 0 0 1.5 3.6e3 0.4e3 1 0.5 0.25 1 0 0 0 0.0 1
5696.0 4.0 4.0 0.7 0 0 0 0 0 0 0 0 0 0 0.0 0
5806.0 1.0 3.5 0.8 0 0 0 0 0 0 0 0 0 0 0.0 0
5820.0 3.0 0.51 0.10 0 0 0 0 0 0 0 0 0 0 0.0 0
5860.0 1.8 3.6 0.6 0 0 0 0 0 0 0 0 0 0 0.0 0
5912.0 3.0 19.3 3.0 0 0 0 0 0 0 0 0 0 0 0.0 0
6074.0 5.0 2.37 0.50 0 0 0 0 0 0 0 0 0 0 0.0 0
6123.3 0.8 0 0 1.5 4.3e3 0.6e3 2 1.6 0.5 1 0 0 0 0.0 1
6351.0 4.0 0 0 3.5 3.0e3 1.5e3 3 0.2 0.1 1 0 0 0 0.0 1
6397.0 3.0 15.0 3.0 0 0 0 0 0 0 0 0 0 0 0.0 0
*************************************************** *************************************************** **********
Upper Limits of Resonances
Note: enter partial width upper limit by chosing non-zero va lue for PT, where PT=<theta^2> for particles and...
Note: ...PT=<B> for g-rays [enter: "upper_limit 0.0"]; for each resonance: # upper limits < # open channels!
Ecm DEcm Jr G1 DG1 L1 PT G2 DG2 L2 PT G3 DG3 L3 PT Exf Int
-105.57 0.21 1.5 5.0e-2 0.0 1 0.010 0.073 0.041 1 0 0 0 0 0 0.0 1
*************************************************** *************************************************** **********
Interference between Resonances [numerical integration o nly]
Note: + for positive, - for negative interference; +- if inte rference sign is unknown
Ecm DEcm Jr G1 DG1 L1 PT G2 DG2 L2 PT G3 DG3 L3 PT Exf
!+-
0.0 0.0 0.0 0.0 0.0 0 0 0.0 0.0 0 0 0.0 0.0 0 0 0.0
0.0 0.0 0.0 0.0 0.0 0 0 0.0 0.0 0 0 0.0 0.0 0 0 0.0
*************************************************** *************************************************** **********
Comments:
1. Same input data as in Angulo et al. 1999 (NACRE), except for the resonances measured by Wilmes et al. 2002.
2. For the important 4.38 MeV and near threshold levels, we us e transfer data from de Oliveira et al. 1996.
3. Direct capture S-factor adopted from de Oliveira et al. 19 96 (after correction for -105 keV contribution to
nonresonant S-factor).
References: Angulo et al. [7]; de Oliveira et al. [54]; Wilmes et al. [220].
