18O(p,a)15N
*************************************************** *************************************************** **********
1 ! Zproj
8 ! Ztarget
2 ! Zexitparticle (=0 when only 2 channels open)
1.0078 ! Aproj
17.999 ! Atarget
4.0026 ! Aexitparticle (=0 when only 2 channels open)
0.5 ! Jproj
0.0 ! Jtarget
0.0 ! Jexitparticle (=0 when only 2 channels open)
7994.8 ! projectile separation energy (keV)
4013.74 ! exit particle separation energy (=0 when only 2 cha nnels open)
1.25 ! Radius parameter R0 (fm)
3 ! Gamma-ray channel number (=2 if ejectile is a g-ray; =3 oth erwise)
*************************************************** *************************************************** **********
1.0 ! Minimum energy for numerical integration (keV)
5000 ! Number of random samples (>5000 for better statistics )
0 ! =0 for rate output at all temperatures; =NT for rate output at selected temperatures
*************************************************** *************************************************** **********
Non-Resonant Contribution
S(keVb) S’(b) S’’(b/keV) fracErr Cutoff Energy (keV)
0.0 0.0 0.0 0.0 0.0
0.0 0.0 0.0 0.0 0.0
*************************************************** *************************************************** **********
Resonant Contribution
Note: G1 = entrance channel, G2 = exit channel, G3 = spectator channel !! Ecm, Exf in (keV); wg, Gx in (eV) !!
Note: if Er<0, theta^2=C2S*theta_sp^2 must be entered inst ead of entrance channel partial width
Ecm DEcm wg Dwg Jr G1 DG1 L1 G2 DG2 L2 G3 DG3 L3 Exf Int
19.3 0.7 0 0 2.5 2.3e-19 0.5e-19 2 2.5e3 1.0e3 3 2.3 1.0 1 0.0 1
142.9 0.1 0 0 0.5 1.67e-1 0.12e-1 0 1.23e2 0.24e2 1 0.72 0.15 1 0 .0 1
315.2 1.3 0 0 2.5 1.9e-2 0.3e-2 2 4.7e1 1.9e1 3 0.78 0.34 1 0.0 1
597.1 1.2 0 0 1.5 1.4e2 0.7e2 1 2.0e3 0.1e3 2 0.71 0.39 1 0.0 1
931.9 2.8 0 0 1.5 7.6e1 0.7e1 1 3.5e3 0.3e3 2 0.34 0.06 1 0.0 1
1106.2 4.0 0 0 3.5 4.7 0.6 4 5.6e2 0.76e2 3 0 0 0 0.0 1
1172.2 1.5 0 0 0.5 3.8e2 0.3e2 0 5.4e3 0.38e3 1 1.4 1.0 1 0.0 1
1326.2 1.2 0 0 0.5 2.2e2 0.2e2 0 4.7e3 0.4e3 1 3.4 1.7 1 0.0 1
1672.7 1.6 0 0 1.5 2.0e3 0.6e3 2 1.4e3 0.4e3 1 1.0 0.4 1 0.0 1
1825.2 1.2 0 0 2.5 9.0e1 3.0e1 3 7.0e1 2.0e1 2 0 0 0 0.0 1
1892.0 3.0 0 0 0.5 1.1e4 0.3e4 0 1.8e4 0.54e4 1 0.36 0.20 1 0.0 1
2167.0 3.0 0 0 0.5 2.2e3 0.7e3 0 0.9e3 0.3e3 1 0 0 0 0.0 1
2237.0 3.0 0 0 0.5 2.7e3 0.8e3 0 1.6e3 0.5e3 1 0 0 0 0.0 1
2259.0 3.0 0 0 0.5 1.0e4 3.0e3 0 12.0e3 4.0e3 1 0 0 0 0.0 1
2313.0 4.0 0 0 1.5 4.9e3 1.5e3 2 4.3e3 1.3e3 1 0 0 0 0.0 1
2501.5 1.4 0 0 1.5 2.3e3 0.7e3 2 0.95e3 0.3e3 1 0 0 0 0.0 1
2619.5 1.7 0 0 2.5 0.66e3 0.20e3 2 1.0e3 0.3e3 3 0 0 0 0.0 1
2768.5 2.6 0 0 0.5 4.3e3 1.3e3 1 1.1e3 0.3e3 0 0 0 0 0.0 1
2864.9 2.0 0 0 2.5 12.3e3 3.7e3 2 5.4e3 1.6e3 3 0 0 0 0.0 1
2980.2 2.6 0 0 1.5 4.7e3 1.4e3 2 4.3e3 1.3e3 1 0 0 0 0.0 1
3291.0 7.0 0 0 2.5 4.07e3 0.95e3 2 7.7e3 4.8e3 3 0 0 0 0.0 1
3355.0 25.0 0 0 0.5 228.3e3 1.9e3 0 43.0e3 31.0e3 1 0 0 0 0.0 1
3455.0 3.5 0 0 0.5 16.1e3 2.8e3 1 22.0e3 7.0e3 0 0 0 0 0.0 1
3507.0 5.0 0 0 1.5 11.4e3 1.9e3 1 16.0e3 6.0e3 2 0 0 0 0.0 1
3545.0 7.0 0 0 2.5 3.5e3 1.0e3 2 18.3e3 4.8e3 3 0 0 0 0.0 1
3608.0 12.0 0 0 1.5 26.0e3 8.0e3 1 43.0e3 16.0e3 2 0 0 0 0.0 1
3658.0 4.0 0 0 1.5 11.2e3 1.8e3 2 19.0e3 8.0e3 1 0 0 0 0.0 1
4045.0 20.0 0 0 0.5 70.0e3 60.0e3 1 64.0e3 16.0e3 0 0 0 0 0.0 1
4141.0 8.0 0 0 1.5 61.0e3 15.0e3 1 51.0e3 9.0e3 2 0 0 0 0.0 1
4227.0 12. 0 0 1.5 39.0e3 10.0e3 2 36.0e3 9.0e3 1 0 0 0 0.0 1
4527.0 7.0 0 0 0.5 2.6e3 0.9e3 1 13.4e3 4.4e3 0 0 0 0 0.0 1
4582.0 10.0 0 0 2.5 4.3e3 1.6e3 2 44.4e3 7.8e3 3 0 0 0 0.0 1
4585.0 25.0 0 0 0.5 112.0e3 28.0e3 1 226.0e3 33.0e3 0 0 0 0 0.0 1
4785.0 10.0 0 0 2.5 12.3e3 6.2e3 2 82.0e3 33.0e3 3 0 0 0 0.0 1
4865.0 30.0 0 0 1.5 118.0e3 25.0e3 2 161.0e3 24.0e3 1 0 0 0 0.0 1
4945.0 25.0 0 0 2.5 11.0e3 8.0e3 2 76.0e3 14.0e3 3 0 0 0 0.0 1
4985.0 50.0 0 0 0.5 18.0e3 10.0e3 1 105.0e3 33.0e3 0 0 0 0 0.0 1
5095.0 75.0 0 0 1.5 71.0e3 27.0e3 1 213.0e3 56.0e3 2 0 0 0 0.0 1
5322.0 8.0 0 0 3.5 9.1e3 2.1e3 3 22.0e3 10.0e3 4 0 0 0 0.0 1
5365.0 25.0 0 0 1.5 1.9e3 1.2e3 1 36.0e3 18.0e3 2 0 0 0 0.0 1
5737.0 11.0 0 0 3.5 11.6e3 2.2e3 3 43.0e3 9.0e3 4 0 0 0 0.0 1
6045.0 20.0 0 0 2.5 11.4e3 2.8e3 2 129.0e3 29.0e3 3 0 0 0 0.0 1
6105.0 21.0 0 0 1.5 7.6e3 2.8e3 1 76.0e3 29.0e3 2 0 0 0 0.0 1
6335.0 20.0 0 0 1.5 8.5e3 2.8e3 1 67.0e3 29.0e3 2 0 0 0 0.0 1
6705.0 20.0 0 0 1.5 19.9e3 4.7e3 1 103.0e3 38.0e3 2 0 0 0 0.0 1
6745.0 50.0 0 0 0.5 95.0e3 24.0e3 0 265.0e3 70.0e3 1 0 0 0 0.0 1
6785.0 20.0 0 0 2.5 29.9e3 5.7e3 2 179.0e3 48.0e3 3 0 0 0 0.0 1
6925.0 30.0 0 0 3.5 19.0e3 3.8e3 3 178.0e3 29.0e3 4 0 0 0 0.0 1
7365.0 20.0 0 0 0.5 5.7e3 1.9e3 1 61.0e3 10.0e3 0 0 0 0 0.0 1
7405.0 30.0 0 0 2.5 6.6e3 1.9e3 2 73.0e3 24.0e3 3 0 0 0 0.0 1
7775.0 21.0 0 0 1.5 7.6e3 2.8e3 1 89.0e3 24.0e3 2 0 0 0 0.0 1
8205.0 40.0 0 0 1.5 15.2e3 3.8e3 2 155.0e3 29.0e3 1 0 0 0 0.0 1
8235.0 30.0 0 0 3.5 12.3e3 3.8e3 3 209.0e3 38.0e3 4 0 0 0 0.0 1
8285.0 20.0 0 0 1.5 12.3e3 3.8e3 1 154.0e3 29.0e3 2 0 0 0 0.0 1
9055.0 40.0 0 0 1.5 37.0e3 7.6e3 1 293.0e3 67.0e3 2 0 0 0 0.0 1
9165.0 40.0 0 0 3.5 28.4e3 7.6e3 3 294.0e3 67.0e3 4 0 0 0 0.0 1
9455.0 30.0 0 0 1.5 2.8e3 1.9e3 1 29.0e3 19.0e3 2 0 0 0 0.0 1
9655.0 60.0 0 0 3.5 4.7e3 2.8e3 3 90.0e3 57.0e3 4 0 0 0 0.0 1
9935.0 40.0 0 0 1.5 21.8e3 4.7e3 1 232.0e3 57.0e3 2 0 0 0 0.0 1
10035.0 40.0 0 0 3.5 30.3e3 6.6e3 3 333.0e3 57.0e3 4 0 0 0 0.0 1
11075.0 60.0 0 0 1.5 20.8e3 6.6e3 1 532.0e3 142.0e3 2 0 0 0 0.0 1
11835.0 150.0 0 0 2.5 12.3e3 5.7e3 3 355.0e3 57.0e3 2 0 0 0 0.0 1
11895.0 30.0 0 0 1.5 37.0e3 7.6e3 1 435.0e3 57.0e3 2 0 0 0 0.0 1
12815.0 50.0 0 0 0.5 30.3e3 4.7e3 1 381.0e3 57.0e3 0 0 0 0 0.0 1
12935.0 50.0 0 0 1.5 11.4e3 3.8e3 1 305.0e3 48.0e3 2 0 0 0 0.0 1
13055.0 50.0 0 0 3.5 23.7e3 4.7e3 3 423.0e3 29.0e3 4 0 0 0 0.0 1
*************************************************** *************************************************** **********
Upper Limits of Resonances
Note: enter partial width upper limit by chosing non-zero va lue for PT, where PT=<theta^2> for particles and...
Note: ...PT=<B> for g-rays [enter: "upper_limit 0.0"]; for each resonance: # upper limits < # open channels!
Ecm DEcm Jr G1 DG1 L1 PT G2 DG2 L2 PT G3 DG3 L3 PT Exf Int
89.0 3.0 1.5 8.0e-8 2.5e-8 1 0.0 3.0e3 0.0 2 0.010 0.6 0.25 1 0.0 0.0 1
204.2 1.0 2.5 7.7e-4 2.0e-4 2 0.0 0.8e3 0.0 3 0.010 0.0 0.0 0 0.0 0.0 1
*************************************************** *************************************************** **********
Interference between Resonances [numerical integration o nly]
Note: + for positive, - for negative interference; +- if inte rference sign is unknown
Ecm DEcm Jr G1 DG1 L1 PT G2 DG2 L2 PT G3 DG3 L3 PT Exf
+-
656.0 30.0 0.5 5.6e3 1.0e3 0 0.0 2.0e5 1.1e5 1 0.0 0.0 0 0 0.0 0.0
798.4 1.6 0.5 2.46e4 0.14e4 0 0.0 2.0e4 1.0e3 1 0.0 2.5 0.4 1 0.0 0.0
*************************************************** *************************************************** **********
Comments: 12/11/09
1. Up to Er=2 MeV, input data are taken from the same source as f or the 18O(p,g)19F reaction (see previous
table); for higher energies the partial widths are adopted f rom Sellin et al. 1969, Orihara et al. 1973,
Almanza et al. 1975 and Murillo et al. 1979.
2. For broad 656 keV resonance, parameters are adopted from Y agi 1962, Mak et al. 1978 and Lorentz-Wirzba et al.
1979.
3. Interference between the Er=656 and 798 keV resonances (J p=1/2+) is included.
References: Almanza et al. [5]; Lorentz-Wirzba et al. [136]; Mak et al. [147]; Murillo et
al. [156]; Orihara, Rudolf and Gorodetzky [163]; Sellin, Newson and Bilpu ch [189]; Yagi
[224].
