24Mg(a,g)28Si
*************************************************** *************************************************** **********
2 ! Zproj
12 ! Ztarget
1 ! Zexitparticle (=0 when only 2 channels open)
4.0026 ! Aproj
23.985 ! Atarget
1.0078 ! Aexitparticle (=0 when only 2 channels open)
0.0 ! Jproj
0.0 ! Jtarget
0.5 ! Jexitparticle (=0 when only 2 channels open)
9984.14 ! projectile separation energy (keV)
11585.11 ! exit particle separation energy (=0 when only 2 ch annels open)
1.25 ! Radius parameter R0 (fm)
2 ! Gamma-ray channel number (=2 if ejectile is a g-ray; =3 oth erwise)
*************************************************** *************************************************** **********
2.0 ! Minimum energy for numerical integration (keV)
7000 ! Number of random samples (>5000 for better statistics )
0 ! =0 for rate output at all temperatures; =NT for rate output at selected temperatures
*************************************************** *************************************************** **********
Nonresonant Contribution
S(keVb) S’(b) S’’(b/keV) fracErr Cutoff Energy (keV)
1.50e6 -217.1 0.0 0.79 1500.0
0.0 0.0 0.0 0.0 0.0
*************************************************** *************************************************** **********
Resonant Contribution
Note: G1 = entrance channel, G2 = exit channel, G3 = spectator channel !! Ecm, Exf in (keV); wg, Gx in (eV) !!
Note: if Er<0, theta^2=C2S*theta_sp^2 must be entered inst ead of entrance channel partial width
Ecm DEcm wg Dwg J G1 DG1 L1 G2 DG2 L2 G3 DG3 L3 Exf Int
1009.9 0.3 2.2e-4 6.0e-5 0 0 0 0 0 0 1 0 0 0 0.0 0
1094.37 0.14 5.8e-4 1.1e-4 0 0 0 0 0 0 1 0 0 0 0.0 0
1157.0 1.0 1.9e-3 3.0e-4 0 0 0 0 0 0 1 0 0 0 0.0 0
1210.93 0.13 2.1e-4 4.0e-5 0 0 0 0 0 0 2 0 0 0 0.0 0
1311.3 0.4 9.6e-2 9.0e-3 0 0 0 0 0 0 1 0 0 0 0.0 0
1531.2 0.4 6.0e-2 8.0e-3 0 0 0 0 0 0 2 0 0 0 0.0 0
1600.47 0.19 4.3e-2 7.0e-3 0 0 0 0 0 0 1 0 0 0 0.0 0
1672.5 0.5 0.0 0.0 2 1.4e-1 7.0e-2 2 3.5e-2 8.0e-3 1 0 0 0 1779.0 1
1685.3 0.4 0.0 0.0 1 1.8e-1 5.0e-2 1 0.28 9.0e-2 1 0 0 1 1779.0 1
1794.5 0.7 3.5e-2 6.0e-3 0 0 0 0 0 0 1 0 0 0 0.0 0
1915.3 0.3 5.4e-2 7.0e-3 0 0 0 0 0 0 1 0 0 0 0.0 0
1991.6 0.3 0.0 0.0 4 1.0e-2 1.4e-3 4 2.3e-2 5.0e-3 1 1.2e-2 5.0 e-3 2 4617.9 1
2038.2 0.4 6.0e-2 1.0e-2 0 0 0 0 0 0 2 0 0 0 0.0 0
2087.2 0.3 0.33 0.05 0 0 0 0 0 0 2 0 0 0 0.0 0
2197.5 0.5 7.8e-2 1.1e-2 0 0 0 0 0 0 1 0 0 0 0.0 0
2209.8 0.3 0.19 0.02 0 0 0 0 0 0 1 0 0 0 0.0 0
2256.3 0.5 0.52 0.07 0 0 0 0 0 0 2 0 0 0 0.0 0
2305.4 0.3 6.9e-2 1.0e-2 0 0 0 0 0 0 2 0 0 0 0.0 0
2316.6 0.3 2.3e-2 4.0e-2 0 0 0 0 0 0 1 0 0 0 0.0 0
2456.2 0.3 1.05 0.18 0 0 0 0 0 0 2 0 0 0 0.0 0
2490.1 0.3 1.6 0.3 0 0 0 0 0 0 1 0 0 0 0.0 0
2503.9 0.3 0.0 0.0 3 7.83 0.74 3 0.33 3.0e-2 1 132.0 42.0 0 1779. 0 1
2566.2 0.3 0.69 0.14 0 0 0 0 0 0 2 0 0 0 0.0 0
2741.2 0.3 0.0 0.0 2 352.0 84.0 2 1.41 0.28 2 281.0 67.0 0 0.0 1
2820.6 0.5 0.21 5.0e-2 0 0 0 0 0 0 1 0 0 0 0.0 0
2830.7 0.6 0.0 0.0 1 3.5e3 100.0 1 6.7e-2 1.3e-2 1 0 0 0 0.0 1
2870.28 0.14 1.1 0.3 0 0 0 0 0 0 1 0 0 0 0.0 0
2874.3 0.5 0.6 0.1 0 0 0 0 0 0 1 0 0 0 0.0 0
2915.3 0.3 0.0 0.0 2 297.0 51.0 2 2.52 0.24 1 1.26e3 216.0 0 6276 .2 1
2917.3 0.3 0.5 0.3 0 0 0 0 0 0 1 0 0 0 0.0 0
2938.9 0.3 0.4 0.2 0 0 0 0 0 0 1 0 0 0 0.0 0
2988.6 0.7 0.0 0.0 1 1.44e3 194.0 1 0.32 8.0e-2 1 270.0 74.0 1 0. 0 1
3055.0 0.6 0.0 0.0 0 3.2e3 100.0 0 0.30 7.0e-2 2 0 0 0 1779.0 1
3109.0 0.3 0.9 0.2 0 0 0 0 0 0 1 0 0 0 0.0 0
3121.1 0.5 2.1 0.5 0 0 0 0 0 0 2 0 0 0 0.0 0
3244.7 0.6 1.24 0.27 0 0 0 0 0 0 2 0 0 0 0.0 0
3261.8 0.7 0.0 0.0 3 1.59e3 161.0 3 0.18 3.0e-2 1 8.01e3 213.0 1 6276.2 1
3375.7 0.6 0.23 6.0e-2 0 0 0 0 0 0 2 0 0 0 0.0 0
3432.1 0.6 0.37 9.0e-2 0 0 0 0 0 0 1 0 0 0 0.0 0
3598.2 0.5 0.7 0.2 0 0 0 0 0 0 1 0 0 0 0.0 0
3655.0 1.0 0.0 0.0 2 656.0 117.0 2 0.16 6.0e-2 1 5.04e3 504.0 0 1 779.0 1
3693.5 0.8 0.0 0.0 2 820.0 221.0 2 0.35 0.12 2 473.0 155.0 0 0.0 1
3721.6 0.5 0.8 0.2 0 0 0 0 0 0 1 0 0 0 0.0 0
3872.7 0.9 0.3 0.1 0 0 0 0 0 0 1 0 0 0 0.0 0
3888.8 1.2 0.0 0.0 3 2.35e3 868.0 3 5.63 2.21 1 4.75e3 1.45e3 1 1 779.0 1
3955.7 1.0 6.0e-2 3.0e-2 0 0 0 0 0 0 2 0 0 0 0.0 0
3987.2 0.7 1.2 0.3 0 0 0 0 0 0 1 0 0 0 0.0 0
4105.0 3.0 0.0 0.0 3 3.15e3 537.0 3 0.16 7.0e-2 1 1.15e3 253.0 1 1779.0 1
4325.0 5.0 2.0 0.6 0 0 0 0 0 0 1 0 0 0 0.0 0
*************************************************** *************************************************** **********
Upper Limits of Resonances
Note: enter partial width upper limit by chosing non-zero va lue for PT, where PT=<theta^2> for particles and...
Note: ...PT=<B> for g-rays [enter: "upper_limit 0.0"]; for each resonance: # upper limits < # open channels!
Ecm DEcm Jr G1 DG1 L1 PT G2 DG2 L2 PT G3 DG3 L3 PT Exf Int
197.45 0.12 3.0 5.12e-29 0.0 3 0.01 0.13 0.11 1 0 0.0 0.0 0 0 4617 .9 1
529.95 0.30 2.0 1.63e-11 0.0 2 0.01 0.31 0.30 1 0 0.0 0.0 0 0 1779 .0 1
821.0 1.00 2.0 2.10e-6 0.0 2 0.01 0.37 0.35 2 0 0.0 0.0 0 0 0.0 1
931.6 0.70 3.0 2.29e-6 0.0 3 0.01 0.57 0.51 1 0 0.0 0.0 0 0 1779.0 1
968.7 0.30 2.0 3.20e-4 0.0 2 0.01 0.23 0.21 1 0 0.0 0.0 0 0 1779.0 1
*************************************************** *************************************************** **********
Interference between Resonances [numerical integration o nly]
Note: + for positive, - for negative interference; +- if inte rference sign is unknown
Ecm DEcm Jr G1 DG1 L1 PT G2 DG2 L2 PT G3 DG3 L3 PT Exf
!+-
0.0 0.0 0.0 0.0 0.0 0 0 0.0 0.0 0 0 0.0 0.0 0 0 0.0
0.0 0.0 0.0 0.0 0.0 0 0 0.0 0.0 0 0 0.0 0.0 0 0 0.0
*************************************************** *************************************************** **********
Comments:
1. Nonresonant contribution from (6Li,d) relative spectro scopic factors of Draayer et al. 1974 and Tanabe et al.
1983, normalized as described in Paper II.
2. Information on resonances: adopted energies and total wi dths from ENSDF (Firestone 2007) and Endt 1990;
strengths from Smulders and Endt 1962, Lyons et al. 1969, Maa s et al. 1978, Cseh et al. 1982, and Strandberg
et al. 2008.
3. Upper limits on strengths of low-energy resonances assum e average gamma-ray partial widths.
4. No gamma-decays are observed for the presumed 821 keV and k nown 3956 keV resonances; we have assumed E2
decays to the ground state.
References: Cseh et al. [48]; Draayer et al. [64]; Endt [69]; Firestone [78]; Lyons et al.
[140]; Maas et al. [142]; Smulders and Endt [194]; Strandberg et al. [197 ]; Tanabe et al.
[201].
25Mg(p,g)26Al^t
*************************************************** *************************************************** **********
1 ! Zproj
12 ! Ztarget
0 ! Zexitparticle (=0 when only 2 channels open)
1.0078 ! Aproj
24.9858 ! Atarget
0 ! Aexitparticle (=0 when only 2 channels open)
0.5 ! Jproj
2.5 ! Jtarget
0.0 ! Jexitparticle (=0 when only 2 channels open)
6306.45 ! projectile separation energy (keV)
0.0 ! exit particle separation energy (=0 when only 2 channel s open)
1.25 ! Radius parameter R0 (fm)
2 ! Gamma-ray channel number (=2 if ejectile is a g-ray; =3 oth erwise)
*************************************************** *************************************************** **********
1.0 ! Minimum energy for numerical integration (keV)
50000 ! Number of random samples (>5000 for better statistic s)
0 ! =0 for rate output at all temperatures; =NT for rate output at selected temperatures
*************************************************** *************************************************** **********
Nonresonant contribution
S(keVb) S’(b) S’’(b/keV) fracErr Cutoff Energy (keV)
7.3e1 0.0 0.0 0.4 1000.0
0.0 0.0 0.0 0.0 0.0
*************************************************** *************************************************** **********
Resonant Contribution
Note: G1 = entrance channel, G2 = exit channel, G3 = spectator channel !! Ecm, Exf in (keV); wg, Gx in (eV) !!
Note: if Er<0, theta^2=C2S*theta_sp^2 must be entered inst ead of entrance channel partial width
Ecm DEcm wg Dwg Jr G1 DG1 L1 G2 DG2 L2 G3 DG3 L3 Exf Int
37.01 0.09 0 0 4 6.0e-22 2.4e-22 2 0.1 0.001 1 0 0 0 0.0 0
57.54 0.09 0 0 3 4.8e-13 1.9e-13 0 0.1 0.001 1 0 0 0 0.0 0
92.19 0.22 0 0 2 2.8e-10 1.1e-10 1 0.1 0.001 1 0 0 0 0.0 0
108.01 0.11 0 0 0 2.5e-10 1.0e-10 2 0.1 0.001 1 0 0 0 0.0 0
189.49 0.09 7.2e-7 9.7e-8 0 0 0 0 0 0 0 0 0 0 0.0 0
244.23 0.09 5.5e-6 6.3e-7 0 0 0 0 0 0 0 0 0 0 0.0 0
291.87 0.17 4.5e-5 5.2e-6 0 0 0 0 0 0 0 0 0 0 0.0 0
303.95 0.08 3.0e-2 3.5e-3 0 0 0 0 0 0 0 0 0 0 0.0 0
374.00 0.09 6.6e-2 6.0e-3 0 0 0 0 0 0 0 0 0 0 0.0 0
417.80 0.09 0.107 0.013 0 0 0 0 0 0 0 0 0 0 0.0 0
477.34 0.07 7.3e-2 1.1e-2 0 0 0 0 0 0 0 0 0 0 0.0 0
482.85 0.06 6.0e-2 7.7e-3 0 0 0 0 0 0 0 0 0 0 0.0 0
494.67 0.06 4.8e-2 7.4e-3 0 0 0 0 0 0 0 0 0 0 0.0 0
495.15 0.17 1.9e-2 7.4e-3 0 0 0 0 0 0 0 0 0 0 0.0 0
511.41 0.10 2.2e-2 1.8e-3 0 0 0 0 0 0 0 0 0 0 0.0 0
545.05 0.12 0.31 0.03 0 0 0 0 0 0 0 0 0 0 0.0 0
567.84 0.09 0.228 0.098 0 0 0 0 0 0 0 0 0 0 0.0 0
585.25 0.06 1.4e-3 5.8e-4 0 0 0 0 0 0 0 0 0 0 0.0 0
629.75 0.09 3.4e-2 3.4e-3 0 0 0 0 0 0 0 0 0 0 0.0 0
658.03 0.10 0.43 0.06 0 0 0 0 0 0 0 0 0 0 0.0 0
694.46 0.10 0.20 0.02 0 0 0 0 0 0 0 0 0 0 0.0 0
708.56 0.12 4.2e-2 5.7e-3 0 0 0 0 0 0 0 0 0 0 0.0 0
744.77 0.09 0.14 0.01 0 0 0 0 0 0 0 0 0 0 0.0 0
779.52 0.17 0.20 0.04 0 0 0 0 0 0 0 0 0 0 0.0 0
786.33 0.10 1.3e-2 1.4e-3 0 0 0 0 0 0 0 0 0 0 0.0 0
802.26 0.09 5.5e-2 4.2e-3 0 0 0 0 0 0 0 0 0 0 0.0 0
835.35 0.07 5.8e-2 5.9e-3 0 0 0 0 0 0 0 0 0 0 0.0 0
846.39 0.08 0.30 0.03 0 0 0 0 0 0 0 0 0 0 0.0 0
854.52 0.10 5.0e-2 4.2e-3 0 0 0 0 0 0 0 0 0 0 0.0 0
861.20 0.08 4.9e-2 4.5e-3 0 0 0 0 0 0 0 0 0 0 0.0 0
891.99 0.13 0.33 0.033 0 0 0 0 0 0 0 0 0 0 0.0 0
915.97 0.10 0.67 0.06 0 0 0 0 0 0 0 0 0 0 0.0 0
931.23 0.07 5.1e-2 7.5e-3 0 0 0 0 0 0 0 0 0 0 0.0 0
947.2 0.2 0.68 0.09 0 0 0 0 0 0 0 0 0 0 0.0 0
979.17 0.12 3.4e-3 1.2e-3 0 0 0 0 0 0 0 0 0 0 0.0 0
984.88 0.10 0.22 0.02 0 0 0 0 0 0 0 0 0 0 0.0 0
1001.77 0.07 0.63 0.05 0 0 0 0 0 0 0 0 0 0 0.0 0
1041.44 0.11 0.43 0.05 0 0 0 0 0 0 0 0 0 0 0.0 0
1059.80 0.12 0.23 0.02 0 0 0 0 0 0 0 0 0 0 0.0 0
1090.47 0.07 0.10 0.01 0 0 0 0 0 0 0 0 0 0 0.0 0
1092.25 0.11 0.47 0.05 0 0 0 0 0 0 0 0 0 0 0.0 0
1103.17 0.09 0.33 0.05 0 0 0 0 0 0 0 0 0 0 0.0 0
1118.62 0.09 0.20 0.03 0 0 0 0 0 0 0 0 0 0 0.0 0
1133.05 0.15 4.1e-3 1.6e-3 0 0 0 0 0 0 0 0 0 0 0.0 0
1137.71 0.17 5.0e-2 3.8e-3 0 0 0 0 0 0 0 0 0 0 0.0 0
1148.89 0.20 0.36 0.03 0 0 0 0 0 0 0 0 0 0 0.0 0
1157.99 0.12 0.475 0.063 0 0 0 0 0 0 0 0 0 0 0.0 0
1188.93 0.06 0.75 0.10 0 0 0 0 0 0 0 0 0 0 0.0 0
1190.6 2.0 0.14 0.02 0 0 0 0 0 0 0 0 0 0 0.0 0
1222.81 0.07 8.3e-3 3.3e-3 0 0 0 0 0 0 0 0 0 0 0.0 0
1233.07 0.12 0.40 0.11 0 0 0 0 0 0 0 0 0 0 0.0 0
1241.75 0.10 2.1e-2 5.0e-3 0 0 0 0 0 0 0 0 0 0 0.0 0
1251.11 0.25 0.33 0.06 0 0 0 0 0 0 0 0 0 0 0.0 0
1254.8 0.2 0.94 0.14 0 0 0 0 0 0 0 0 0 0 0.0 0
1285.10 0.11 8.3e-2 2.5e-2 0 0 0 0 0 0 0 0 0 0 0.0 0
1289.61 0.13 0.24 0.02 0 0 0 0 0 0 0 0 0 0 0.0 0
1298.35 0.11 7.5e-2 1.3e-2 0 0 0 0 0 0 0 0 0 0 0.0 0
1316.23 0.11 0.10 0.02 0 0 0 0 0 0 0 0 0 0 0.0 0
1321.07 0.13 1.00 0.08 0 0 0 0 0 0 0 0 0 0 0.0 0
1341.4 0.4 1.0e-3 2.5e-4 0 0 0 0 0 0 0 0 0 0 0.0 0
1455.39 0.11 7.0e-2 2.3e-2 0 0 0 0 0 0 0 0 0 0 0.0 0
1465.80 0.08 0.24 0.03 0 0 0 0 0 0 0 0 0 0 0.0 0
1466.6 2.0 5.8e-3 1.7e-3 0 0 0 0 0 0 0 0 0 0 0.0 0
1507.18 0.19 9.2e-2 2.3e-2 0 0 0 0 0 0 0 0 0 0 0.0 0
1518.21 0.16 6.7e-2 1.8e-2 0 0 0 0 0 0 0 0 0 0 0.0 0
1525.16 0.09 0.62 0.08 0 0 0 0 0 0 0 0 0 0 0.0 0
1558.6 0.3 0.17 0.06 0 0 0 0 0 0 0 0 0 0 0.0 0
1567.84 0.16 0.51 0.04 0 0 0 0 0 0 0 0 0 0 0.0 0
1573.2 0.3 0.10 0.02 0 0 0 0 0 0 0 0 0 0 0.0 0
1584.72 0.10 2.8 0.24 0 0 0 0 0 0 0 0 0 0 0.0 0
1614.82 0.15 3.3e-2 1.7e-2 0 0 0 0 0 0 0 0 0 0 0.0 0
1632.34 0.09 1.9 0.2 0 0 0 0 0 0 0 0 0 0 0.0 0
1646.90 0.08 4.0 0.5 0 0 0 0 0 0 0 0 0 0 0.0 0
1675.6 2.0 1.20 0.12 0 0 0 0 0 0 0 0 0 0 0.0 0
1694.18 0.09 9.0e-2 1.6e-2 0 0 0 0 0 0 0 0 0 0 0.0 0
1701.63 0.10 0.19 0.03 0 0 0 0 0 0 0 0 0 0 0.0 0
1704.73 0.08 0.20 0.07 0 0 0 0 0 0 0 0 0 0 0.0 0
1729.3 0.3 1.5e-2 2.5e-3 0 0 0 0 0 0 0 0 0 0 0.0 0
1740.19 0.11 7.5e-2 1.7e-2 0 0 0 0 0 0 0 0 0 0 0.0 0
1757.6 2.0 0.63 0.12 0 0 0 0 0 0 0 0 0 0 0.0 0
1760.99 0.10 0.19 0.06 0 0 0 0 0 0 0 0 0 0 0.0 0
*************************************************** *************************************************** **********
Upper Limits of Resonances
Note: enter partial width upper limit by chosing non-zero va lue for PT, where PT=<theta^2> for particles and...
Note: ...PT=<B> for g-rays [enter: "upper_limit 0.0"]; for each resonance: # upper limits < # open channels!
Ecm DEcm Jr G1 DG1 L1 PT G2 DG2 L2 PT G3 DG3 L3 PT Exf Int
129.99 0.12 5 1.7e-10 0.0 2 0.0045 0.1 0.001 1 0 0 0 0 0 0.0 0
*************************************************** *************************************************** **********
Interference between Resonances [numerical integration o nly]
Note: + for positive, - for negative interference; +- if inte rference sign is unknown
Ecm DEcm Jr G1 DG1 L1 PT G2 DG2 L2 PT G3 DG3 L3 PT Exf
!+-
0.0 0.0 0.0 0.0 0.0 0 0 0.0 0.0 0 0 0.0 0.0 0 0 0.0
0.0 0.0 0.0 0.0 0.0 0 0 0.0 0.0 0 0 0.0 0.0 0 0 0.0
*************************************************** *************************************************** **********
Comments:
1. Direct capture S-factor from Endt and Rolfs 1987.
2. Er=189-1761 keV: energies and strengths from Endt 1990; t he former are calculated from Ex and Qpg, while the
latter are normalized to the values listed in Tab. 1 of Iliadi s et al. 2001.
3. Er=37-130 keV: proton partial widths from Iliadis et al. 1 996; values of Gg=0.1 eV are guesses
(inconsequential).
4. Er=37 keV: parity is not known experimentally; we adopt Jp =4+, as predicted by the shell model (see Iliadis
et al. 1996).
References: Endt [69]; Endt and Rolfs [73]; Iliadis [110]; Iliadis et al. [114 ]; Iliadis et al.
[117].
25Mg(p,g)26Al^g
*************************************************** *************************************************** **********
1 ! Zproj
12 ! Ztarget
0 ! Zexitparticle (=0 when only 2 channels open)
1.0078 ! Aproj
24.9858 ! Atarget
0 ! Aexitparticle (=0 when only 2 channels open)
0.5 ! Jproj
2.5 ! Jtarget
0.0 ! Jexitparticle (=0 when only 2 channels open)
6306.45 ! projectile separation energy (keV)
0.0 ! exit particle separation energy (=0 when only 2 channel s open)
1.25 ! Radius parameter R0 (fm)
2 ! Gamma-ray channel number (=2 if ejectile is a g-ray; =3 oth erwise)
*************************************************** *************************************************** **********
1.0 ! Minimum energy for numerical integration (keV)
50000 ! Number of random samples (>5000 for better statistic s)
0 ! =0 for rate output at all temperatures; =NT for rate output at selected temperatures
*************************************************** *************************************************** **********
Nonresonant contribution
S(keVb) S’(b) S’’(b/keV) fracErr Cutoff Energy (keV)
5.2e1 0.0 0.0 0.4 1000.0
0.0 0.0 0.0 0.0 0.0
*************************************************** *************************************************** **********
Resonant Contribution
Note: G1 = entrance channel, G2 = exit channel, G3 = spectator channel !! Ecm, Exf in (keV); wg, Gx in (eV) !!
Note: if Er<0, theta^2=C2S*theta_sp^2 must be entered inst ead of entrance channel partial width
Ecm DEcm wg Dwg Jr G1 DG1 L1 G2 DG2 L2 G3 DG3 L3 Exf Int
37.01 0.09 0 0 4 4.7e-22 1.9e-22 2 0.1 0.001 1 0 0 0 0.0 0
57.54 0.09 0 0 3 3.9e-13 1.6e-13 0 0.1 0.001 1 0 0 0 0.0 0
92.19 0.22 0 0 2 2.4e-10 0.9e-10 1 0.1 0.001 1 0 0 0 0.0 0
108.01 0.11 0 0 0 1.8e-10 0.7e-10 2 0.1 0.001 1 0 0 0 0.0 0
189.49 0.09 4.8e-7 6.5e-8 0 0 0 0 0 0 0 0 0 0 0.0 0
244.23 0.09 4.2e-6 4.8e-7 0 0 0 0 0 0 0 0 0 0 0.0 0
291.87 0.17 3.6e-5 4.1e-6 0 0 0 0 0 0 0 0 0 0 0.0 0
303.95 0.08 2.6e-2 3.0e-3 0 0 0 0 0 0 0 0 0 0 0.0 0
374.00 0.09 4.4e-2 4.0e-3 0 0 0 0 0 0 0 0 0 0 0.0 0
417.80 0.09 0.103 0.012 0 0 0 0 0 0 0 0 0 0 0.0 0
477.34 0.07 4.1e-2 6.2e-3 0 0 0 0 0 0 0 0 0 0 0.0 0
482.85 0.06 5.4e-2 6.9e-3 0 0 0 0 0 0 0 0 0 0 0.0 0
494.67 0.06 3.0e-2 4.7e-3 0 0 0 0 0 0 0 0 0 0 0.0 0
495.15 0.17 1.0e-2 3.9e-3 0 0 0 0 0 0 0 0 0 0 0.0 0
511.41 0.10 1.2e-2 1.0e-3 0 0 0 0 0 0 0 0 0 0 0.0 0
545.05 0.12 0.19 0.02 0 0 0 0 0 0 0 0 0 0 0.0 0
567.84 0.09 0.137 0.059 0 0 0 0 0 0 0 0 0 0 0.0 0
585.25 0.06 1.3e-3 5.4e-4 0 0 0 0 0 0 0 0 0 0 0.0 0
629.75 0.09 1.7e-2 1.7e-3 0 0 0 0 0 0 0 0 0 0 0.0 0
658.03 0.10 0.37 0.05 0 0 0 0 0 0 0 0 0 0 0.0 0
694.46 0.10 8.8e-2 8.8e-3 0 0 0 0 0 0 0 0 0 0 0.0 0
708.56 0.12 2.9e-2 3.9e-3 0 0 0 0 0 0 0 0 0 0 0.0 0
744.77 0.09 9.7e-2 6.9e-3 0 0 0 0 0 0 0 0 0 0 0.0 0
779.52 0.17 0.038 0.008 0 0 0 0 0 0 0 0 0 0 0.0 0
786.33 0.10 5.6e-3 6.0e-4 0 0 0 0 0 0 0 0 0 0 0.0 0
802.26 0.09 4.5e-2 3.4e-3 0 0 0 0 0 0 0 0 0 0 0.0 0
835.35 0.07 4.1e-2 4.2e-3 0 0 0 0 0 0 0 0 0 0 0.0 0
846.39 0.08 0.22 0.02 0 0 0 0 0 0 0 0 0 0 0.0 0
854.52 0.10 2.9e-2 2.4e-3 0 0 0 0 0 0 0 0 0 0 0.0 0
861.20 0.08 3.5e-2 3.2e-3 0 0 0 0 0 0 0 0 0 0 0.0 0
891.99 0.13 0.023 0.002 0 0 0 0 0 0 0 0 0 0 0.0 0
915.97 0.10 0.66 0.06 0 0 0 0 0 0 0 0 0 0 0.0 0
931.23 0.07 3.4e-2 5.0e-3 0 0 0 0 0 0 0 0 0 0 0.0 0
947.2 0.2 0.48 0.06 0 0 0 0 0 0 0 0 0 0 0.0 0
979.17 0.12 1.7e-4 6.0e-5 0 0 0 0 0 0 0 0 0 0 0.0 0
984.88 0.10 0.19 0.02 0 0 0 0 0 0 0 0 0 0 0.0 0
1001.77 0.07 0.34 0.03 0 0 0 0 0 0 0 0 0 0 0.0 0
1041.44 0.11 0.35 0.04 0 0 0 0 0 0 0 0 0 0 0.0 0
1059.80 0.12 0.14 0.01 0 0 0 0 0 0 0 0 0 0 0.0 0
1090.47 0.07 0.065 0.007 0 0 0 0 0 0 0 0 0 0 0.0 0
1092.25 0.11 0.38 0.04 0 0 0 0 0 0 0 0 0 0 0.0 0
1103.17 0.09 0.29 0.04 0 0 0 0 0 0 0 0 0 0 0.0 0
1118.62 0.09 0.13 0.02 0 0 0 0 0 0 0 0 0 0 0.0 0
1133.05 0.15 1.6e-4 6.4e-5 0 0 0 0 0 0 0 0 0 0 0.0 0
1137.71 0.17 1.9e-2 1.4e-3 0 0 0 0 0 0 0 0 0 0 0.0 0
1148.89 0.20 0.10 0.009 0 0 0 0 0 0 0 0 0 0 0.0 0
1157.99 0.12 0.318 0.042 0 0 0 0 0 0 0 0 0 0 0.0 0
1188.93 0.06 0.51 0.07 0 0 0 0 0 0 0 0 0 0 0.0 0
1190.6 2.0 0.081 0.011 0 0 0 0 0 0 0 0 0 0 0.0 0
1222.81 0.07 7.8e-3 3.1e-3 0 0 0 0 0 0 0 0 0 0 0.0 0
1233.07 0.12 0.15 0.04 0 0 0 0 0 0 0 0 0 0 0.0 0
1241.75 0.10 0.018 0.004 0 0 0 0 0 0 0 0 0 0 0.0 0
1251.11 0.25 0.18 0.03 0 0 0 0 0 0 0 0 0 0 0.0 0
1254.8 0.2 0.34 0.05 0 0 0 0 0 0 0 0 0 0 0.0 0
1285.10 0.11 6.7e-2 2.0e-2 0 0 0 0 0 0 0 0 0 0 0.0 0
1289.61 0.13 0.17 0.01 0 0 0 0 0 0 0 0 0 0 0.0 0
1298.35 0.11 2.8e-2 4.8e-3 0 0 0 0 0 0 0 0 0 0 0.0 0
1316.23 0.11 0.038 0.008 0 0 0 0 0 0 0 0 0 0 0.0 0
1321.07 0.13 0.88 0.07 0 0 0 0 0 0 0 0 0 0 0.0 0
1341.4 0.4 4.8e-4 1.2e-4 0 0 0 0 0 0 0 0 0 0 0.0 0
1455.39 0.11 5.2e-2 1.7e-2 0 0 0 0 0 0 0 0 0 0 0.0 0
1465.80 0.08 0.18 0.02 0 0 0 0 0 0 0 0 0 0 0.0 0
1466.6 2.0 3.9e-3 1.1e-3 0 0 0 0 0 0 0 0 0 0 0.0 0
1507.18 0.19 2.0e-2 5.1e-3 0 0 0 0 0 0 0 0 0 0 0.0 0
1518.21 0.16 5.8e-2 1.6e-2 0 0 0 0 0 0 0 0 0 0 0.0 0
1525.16 0.09 0.53 0.07 0 0 0 0 0 0 0 0 0 0 0.0 0
1558.6 0.3 0.11 0.04 0 0 0 0 0 0 0 0 0 0 0.0 0
1567.84 0.16 0.23 0.02 0 0 0 0 0 0 0 0 0 0 0.0 0
1573.2 0.3 0.028 0.006 0 0 0 0 0 0 0 0 0 0 0.0 0
1584.72 0.10 2.1 0.18 0 0 0 0 0 0 0 0 0 0 0.0 0
1614.82 0.15 3.1e-2 1.6e-2 0 0 0 0 0 0 0 0 0 0 0.0 0
1632.34 0.09 1.7 0.2 0 0 0 0 0 0 0 0 0 0 0.0 0
1646.90 0.08 3.7 0.5 0 0 0 0 0 0 0 0 0 0 0.0 0
1675.6 2.0 0.76 0.08 0 0 0 0 0 0 0 0 0 0 0.0 0
1694.18 0.09 1.6e-2 2.9e-3 0 0 0 0 0 0 0 0 0 0 0.0 0
1701.63 0.10 0.11 0.02 0 0 0 0 0 0 0 0 0 0 0.0 0
1704.73 0.08 0.19 0.07 0 0 0 0 0 0 0 0 0 0 0.0 0
1729.3 0.3 3.5e-3 5.8e-4 0 0 0 0 0 0 0 0 0 0 0.0 0
1740.19 0.11 5.0e-2 1.1e-2 0 0 0 0 0 0 0 0 0 0 0.0 0
1757.6 2.0 0.46 0.09 0 0 0 0 0 0 0 0 0 0 0.0 0
1760.99 0.10 0.18 0.06 0 0 0 0 0 0 0 0 0 0 0.0 0
*************************************************** *************************************************** **********
Upper Limits of Resonances
Note: enter partial width upper limit by chosing non-zero va lue for PT, where PT=<theta^2> for particles and...
Note: ...PT=<B> for g-rays [enter: "upper_limit 0.0"]; for each resonance: # upper limits < # open channels!
Ecm DEcm Jr G1 DG1 L1 PT G2 DG2 L2 PT G3 DG3 L3 PT Exf Int
129.99 0.12 5 1.2e-10 0.0 2 0.0045 0.1 0.001 1 0 0 0 0 0 0.0 0
*************************************************** *************************************************** **********
Interference between Resonances [numerical integration o nly]
Note: + for positive, - for negative interference; +- if inte rference sign is unknown
Ecm DEcm Jr G1 DG1 L1 PT G2 DG2 L2 PT G3 DG3 L3 PT Exf
!+-
0.0 0.0 0.0 0.0 0.0 0 0 0.0 0.0 0 0 0.0 0.0 0 0 0.0
0.0 0.0 0.0 0.0 0.0 0 0 0.0 0.0 0 0 0.0 0.0 0 0 0.0
*************************************************** *************************************************** **********
Comments:
1. See comments for 25Mg(p,g)26Al^t.
2. Ground state branching ratios are adopted from Endt and Ro lfs 1987 (uncertainties are on the order of 1%),
except for Er=189, 244 and 292 keV for which we adopt the value s of Iliadis 1989.
References: Endt and Rolfs [73]; Iliadis [110].
25Mg(p,g)26Al^m
*************************************************** *************************************************** **********
1 ! Zproj
12 ! Ztarget
0 ! Zexitparticle (=0 when only 2 channels open)
1.0078 ! Aproj
24.9858 ! Atarget
0 ! Aexitparticle (=0 when only 2 channels open)
0.5 ! Jproj
2.5 ! Jtarget
0.0 ! Jexitparticle (=0 when only 2 channels open)
6078.15 ! projectile separation energy (keV)
0.0 ! exit particle separation energy (=0 when only 2 channel s open)
1.25 ! Radius parameter R0 (fm)
2 ! Gamma-ray channel number (=2 if ejectile is a g-ray; =3 oth erwise)
*************************************************** *************************************************** **********
1.0 ! Minimum energy for numerical integration (keV)
50000 ! Number of random samples (>5000 for better statistic s)
0 ! =0 for rate output at all temperatures; =NT for rate output at selected temperatures
*************************************************** *************************************************** **********
Nonresonant contribution
S(keVb) S’(b) S’’(b/keV) fracErr Cutoff Energy (keV)
2.1e1 0.0 0.0 0.4 1000.0
0.0 0.0 0.0 0.0 0.0
*************************************************** *************************************************** **********
Resonant Contribution
Note: G1 = entrance channel, G2 = exit channel, G3 = spectator channel !! Ecm, Exf in (keV); wg, Gx in (eV) !!
Note: if Er<0, theta^2=C2S*theta_sp^2 must be entered inst ead of entrance channel partial width
Ecm DEcm wg Dwg Jr G1 DG1 L1 G2 DG2 L2 G3 DG3 L3 Exf Int
37.01 0.09 0 0 4 1.3e-22 5.0e-23 2 0.1 0.001 1 0 0 0 0.0 0
57.54 0.09 0 0 3 9.1e-14 3.6e-14 0 0.1 0.001 1 0 0 0 0.0 0
92.19 0.22 0 0 2 4.2e-11 1.7e-11 1 0.1 0.001 1 0 0 0 0.0 0
108.01 0.11 0 0 0 7.3e-11 2.9e-11 2 0.1 0.001 1 0 0 0 0.0 0
189.49 0.09 2.5e-7 3.3e-8 0 0 0 0 0 0 0 0 0 0 0.0 0
244.23 0.09 1.3e-6 1.5e-7 0 0 0 0 0 0 0 0 0 0 0.0 0
291.87 0.17 9.5e-6 1.1e-6 0 0 0 0 0 0 0 0 0 0 0.0 0
303.95 0.08 3.9e-3 4.6e-4 0 0 0 0 0 0 0 0 0 0 0.0 0
374.00 0.09 2.2e-2 2.0e-3 0 0 0 0 0 0 0 0 0 0 0.0 0
417.80 0.09 4.3e-3 5.2e-4 0 0 0 0 0 0 0 0 0 0 0.0 0
477.34 0.07 0.032 0.005 0 0 0 0 0 0 0 0 0 0 0.0 0
482.85 0.06 6.0e-3 7.7e-4 0 0 0 0 0 0 0 0 0 0 0.0 0
494.67 0.06 0.018 0.003 0 0 0 0 0 0 0 0 0 0 0.0 0
495.15 0.17 8.9e-3 3.5e-3 0 0 0 0 0 0 0 0 0 0 0.0 0
511.41 0.10 9.7e-3 7.9e-4 0 0 0 0 0 0 0 0 0 0 0.0 0
545.05 0.12 0.12 0.01 0 0 0 0 0 0 0 0 0 0 0.0 0
567.84 0.09 0.091 0.039 0 0 0 0 0 0 0 0 0 0 0.0 0
585.25 0.06 9.8e-5 4.1e-5 0 0 0 0 0 0 0 0 0 0 0.0 0
629.75 0.09 1.7e-2 1.7e-3 0 0 0 0 0 0 0 0 0 0 0.0 0
658.03 0.10 0.056 0.008 0 0 0 0 0 0 0 0 0 0 0.0 0
694.46 0.10 0.11 0.01 0 0 0 0 0 0 0 0 0 0 0.0 0
708.56 0.12 1.3e-2 1.8e-3 0 0 0 0 0 0 0 0 0 0 0.0 0
744.77 0.09 0.043 0.003 0 0 0 0 0 0 0 0 0 0 0.0 0
779.52 0.17 0.16 0.03 0 0 0 0 0 0 0 0 0 0 0.0 0
786.33 0.10 7.4e-3 8.0e-4 0 0 0 0 0 0 0 0 0 0 0.0 0
802.26 0.09 9.9e-3 7.6e-4 0 0 0 0 0 0 0 0 0 0 0.0 0
835.35 0.07 1.7e-2 1.7e-3 0 0 0 0 0 0 0 0 0 0 0.0 0
846.39 0.08 0.078 0.008 0 0 0 0 0 0 0 0 0 0 0.0 0
854.52 0.10 0.021 0.002 0 0 0 0 0 0 0 0 0 0 0.0 0
861.20 0.08 1.4e-2 1.3e-3 0 0 0 0 0 0 0 0 0 0 0.0 0
891.99 0.13 0.31 0.03 0 0 0 0 0 0 0 0 0 0 0.0 0
915.97 0.10 0.013 0.001 0 0 0 0 0 0 0 0 0 0 0.0 0
931.23 0.07 1.7e-2 2.5e-3 0 0 0 0 0 0 0 0 0 0 0.0 0
947.2 0.2 0.20 0.03 0 0 0 0 0 0 0 0 0 0 0.0 0
979.17 0.12 3.2e-3 1.1e-3 0 0 0 0 0 0 0 0 0 0 0.0 0
984.88 0.10 0.029 0.003 0 0 0 0 0 0 0 0 0 0 0.0 0
1001.77 0.07 0.29 0.02 0 0 0 0 0 0 0 0 0 0 0.0 0
1041.44 0.11 0.077 0.009 0 0 0 0 0 0 0 0 0 0 0.0 0
1059.80 0.12 0.094 0.008 0 0 0 0 0 0 0 0 0 0 0.0 0
1090.47 0.07 0.035 0.004 0 0 0 0 0 0 0 0 0 0 0.0 0
1092.25 0.11 0.089 0.010 0 0 0 0 0 0 0 0 0 0 0.0 0
1103.17 0.09 0.040 0.006 0 0 0 0 0 0 0 0 0 0 0.0 0
1118.62 0.09 0.066 0.010 0 0 0 0 0 0 0 0 0 0 0.0 0
1133.05 0.15 3.9e-3 1.5e-3 0 0 0 0 0 0 0 0 0 0 0.0 0
1137.71 0.17 3.1e-2 2.4e-3 0 0 0 0 0 0 0 0 0 0 0.0 0
1148.89 0.20 0.26 0.02 0 0 0 0 0 0 0 0 0 0 0.0 0
1157.99 0.12 0.16 0.02 0 0 0 0 0 0 0 0 0 0 0.0 0
1188.93 0.06 0.24 0.03 0 0 0 0 0 0 0 0 0 0 0.0 0
1190.6 2.0 0.059 0.008 0 0 0 0 0 0 0 0 0 0 0.0 0
1222.81 0.07 5.0e-4 2.0e-4 0 0 0 0 0 0 0 0 0 0 0.0 0
1233.07 0.12 0.25 0.07 0 0 0 0 0 0 0 0 0 0 0.0 0
1241.75 0.10 2.5e-3 6.0e-4 0 0 0 0 0 0 0 0 0 0 0.0 0
1251.11 0.25 0.15 0.03 0 0 0 0 0 0 0 0 0 0 0.0 0
1254.8 0.2 0.60 0.09 0 0 0 0 0 0 0 0 0 0 0.0 0
1285.10 0.11 1.6e-2 4.8e-3 0 0 0 0 0 0 0 0 0 0 0.0 0
1289.61 0.13 0.074 0.006 0 0 0 0 0 0 0 0 0 0 0.0 0
1298.35 0.11 4.7e-2 8.2e-3 0 0 0 0 0 0 0 0 0 0 0.0 0
1316.23 0.11 0.062 0.012 0 0 0 0 0 0 0 0 0 0 0.0 0
1321.07 0.13 0.12 0.01 0 0 0 0 0 0 0 0 0 0 0.0 0
1341.4 0.4 5.2e-4 1.3e-4 0 0 0 0 0 0 0 0 0 0 0.0 0
1455.39 0.11 1.8e-2 6.0e-3 0 0 0 0 0 0 0 0 0 0 0.0 0
1465.80 0.08 0.058 0.007 0 0 0 0 0 0 0 0 0 0 0.0 0
1466.6 2.0 1.9e-3 5.6e-4 0 0 0 0 0 0 0 0 0 0 0.0 0
1507.18 0.19 7.2e-2 1.8e-2 0 0 0 0 0 0 0 0 0 0 0.0 0
1518.21 0.16 8.7e-3 2.3e-3 0 0 0 0 0 0 0 0 0 0 0.0 0
1525.16 0.09 0.087 0.011 0 0 0 0 0 0 0 0 0 0 0.0 0
1558.6 0.3 0.065 0.022 0 0 0 0 0 0 0 0 0 0 0.0 0
1567.84 0.16 0.28 0.02 0 0 0 0 0 0 0 0 0 0 0.0 0
1573.2 0.3 0.072 0.014 0 0 0 0 0 0 0 0 0 0 0.0 0
1584.72 0.10 0.70 0.06 0 0 0 0 0 0 0 0 0 0 0.0 0
1614.82 0.15 2.3e-3 1.2e-3 0 0 0 0 0 0 0 0 0 0 0.0 0
1632.34 0.09 0.25 0.03 0 0 0 0 0 0 0 0 0 0 0.0 0
1646.90 0.08 0.32 0.04 0 0 0 0 0 0 0 0 0 0 0.0 0
1675.6 2.0 0.44 0.04 0 0 0 0 0 0 0 0 0 0 0.0 0
1694.18 0.09 7.4e-2 1.3e-2 0 0 0 0 0 0 0 0 0 0 0.0 0
1701.63 0.10 0.082 0.013 0 0 0 0 0 0 0 0 0 0 0.0 0
1704.73 0.08 0.012 0.004 0 0 0 0 0 0 0 0 0 0 0.0 0
1729.3 0.3 1.2e-2 1.9e-3 0 0 0 0 0 0 0 0 0 0 0.0 0
1740.19 0.11 2.5e-2 5.6e-3 0 0 0 0 0 0 0 0 0 0 0.0 0
1757.6 2.0 0.17 0.03 0 0 0 0 0 0 0 0 0 0 0.0 0
1760.99 0.10 7.6e-3 2.4e-3 0 0 0 0 0 0 0 0 0 0 0.0 0
*************************************************** *************************************************** **********
Upper Limits of Resonances
Note: enter partial width upper limit by chosing non-zero va lue for PT, where PT=<theta^2> for particles and...
Note: ...PT=<B> for g-rays [enter: "upper_limit 0.0"]; for each resonance: # upper limits < # open channels!
Ecm DEcm Jr G1 DG1 L1 PT G2 DG2 L2 PT G3 DG3 L3 PT Exf Int
129.99 0.12 5 4.6e-11 0.0 2 0.0045 0.1 0.001 1 0 0 0 0 0 0.0 0
*************************************************** *************************************************** **********
Interference between Resonances [numerical integration o nly]
Note: + for positive, - for negative interference; +- if inte rference sign is unknown
Ecm DEcm Jr G1 DG1 L1 PT G2 DG2 L2 PT G3 DG3 L3 PT Exf
!+-
0.0 0.0 0.0 0.0 0.0 0 0 0.0 0.0 0 0 0.0 0.0 0 0 0.0
0.0 0.0 0.0 0.0 0.0 0 0 0.0 0.0 0 0 0.0 0.0 0 0 0.0
*************************************************** *************************************************** **********
Comments:
1. See comments for 25Mg(p,g)26Al^t.
2. Isomeric state branching ratios are adopted from Endt and Rolfs 1987 (uncertainties are on the order of 1%),
except for Er=189, 244 and 292 keV for which we adopt the value s of Iliadis 1989.
References: Endt and Rolfs [73]; Iliadis [110].
