27Al(p,g)28Si
*************************************************** *************************************************** **********
1 ! Zproj
13 ! Ztarget
2 ! Zexitparticle (=0 when only 2 channels open)
1.0078 ! Aproj
26.9815 ! Atarget
4.0026 ! Aexitparticle (=0 when only 2 channels open)
0.5 ! Jproj
2.5 ! Jtarget
0.0 ! Jexitparticle (=0 when only 2 channels open)
11585.11 ! projectile separation energy (keV)
9984.14 ! exit particle separation energy (=0 when only 2 cha nnels open)
1.25 ! Radius parameter R0 (fm)
2 ! Gamma-ray channel number (=2 if ejectile is a g-ray; =3 oth erwise)
*************************************************** *************************************************** **********
1.0 ! Minimum energy for numerical integration (keV)
8000 ! Number of random samples (>5000 for better statistics )
0 ! =0 for rate output at all temperatures; =NT for rate output at selected temperatures
*************************************************** *************************************************** **********
Nonresonant contribution
S(keVb) S’(b) S’’(b/keV) fracErr Cutoff Energy (keV)
1.01e2 -3.42e-2 2.74e-5 0.4 1800.0
0.0 0.0 0.0 0.0 0.0
*************************************************** *************************************************** **********
Resonant Contribution
Note: G1 = entrance channel, G2 = exit channel, G3 = spectator channel !! Ecm, Exf in (keV); wg, Gx in (eV) !!
Note: if Er<0, theta^2=C2S*theta_sp^2 must be entered inst ead of entrance channel partial width
Ecm DEcm wg Dwg Jr G1 DG1 L1 G2 DG2 L2 G3 DG3 L3 Exf Int
195.5 0.9 9.2e-6 1.3e-6 0 0 0 0 0 0 0 0 0 0 0.0 0
214.7 0.4 4.2e-5 0.3e-5 0 0 0 0 0 0 0 0 0 0 0.0 0
282.1 0.4 2.33e-4 0.13e-4 0 0 0 0 0 0 0 0 0 0 0.0 0
314.8 0.4 1.8e-3 0.1e-3 0 0 0 0 0 0 0 0 0 0 0.0 0
390.9 0.3 8.63e-3 0.52e-3 0 0 0 0 0 0 0 0 0 0 0.0 0
430.6 0.5 1.50e-3 1.25e-4 0 0 0 0 0 0 0 0 0 0 0.0 0
486.72 0.07 0.0258 0.0033 0 0 0 0 0 0 0 0 0 0 0.0 0
488.15 0.07 0.037 0.005 0 0 0 0 0 0 0 0 0 0 0.0 0
589.44 0.04 5.3e-3 6.4e-4 0 0 0 0 0 0 0 0 0 0 0.0 0
609.47 0.04 0.264 0.016 0 0 0 0 0 0 0 0 0 0 0.0 0
631.08 0.04 0.110 0.009 0 0 0 0 0 0 0 0 0 0 0.0 0
654.84 0.04 0.0527 0.0055 0 0 0 0 0 0 0 0 0 0 0.0 0
705.06 0.04 0.129 0.007 0 0 0 0 0 0 0 0 0 0 0.0 0
709.97 0.04 0.159 0.014 0 0 0 0 0 0 0 0 0 0 0.0 0
716.21 0.04 0.021 0.002 0 0 0 0 0 0 0 0 0 0 0.0 0
733.01 0.04 0.150 0.010 0 0 0 0 0 0 0 0 0 0 0.0 0
739.59 0.04 0.190 0.015 0 0 0 0 0 0 0 0 0 0 0.0 0
745.81 0.04 0.40 0.04 0 0 0 0 0 0 0 0 0 0 0.0 0
855.85 0.05 0.012 0.001 0 0 0 0 0 0 0 0 0 0 0.0 0
889.77 0.05 0.140 0.013 0 0 0 0 0 0 0 0 0 0 0.0 0
903.55 0.05 0.183 0.017 0 0 0 0 0 0 0 0 0 0 0.0 0
956.08 0.02 1.91 0.11 0 0 0 0 0 0 0 0 0 0 0.0 0
965.89 0.05 3.3e-2 0.8e-2 0 0 0 0 0 0 0 0 0 0 0.0 0
988.41 0.05 0.35 0.03 0 0 0 0 0 0 0 0 0 0 0.0 0
1050.55 0.06 0.080 0.023 0 0 0 0 0 0 0 0 0 0 0.0 0
1057.80 0.06 0.043 0.012 0 0 0 0 0 0 0 0 0 0 0.0 0
1078.40 0.06 0.80 0.06 0 0 0 0 0 0 0 0 0 0 0.0 0
1129.70 0.06 0.093 0.027 0 0 0 0 0 0 0 0 0 0 0.0 0
1140.88 0.08 0.26 0.04 0 0 0 0 0 0 0 0 0 0 0.0 0
1157.2 0.5 1.02 0.14 0 0 0 0 0 0 0 0 0 0 0.0 0
1169.45 0.06 0.49 0.14 0 0 0 0 0 0 0 0 0 0 0.0 0
1217.33 0.07 0.57 0.05 0 0 0 0 0 0 0 0 0 0 0.0 0
1231.40 0.08 0.056 0.016 0 0 0 0 0 0 0 0 0 0 0.0 0
1269.77 0.07 0.71 0.12 0 0 0 0 0 0 0 0 0 0 0.0 0
1281.14 0.07 0.54 0.09 0 0 0 0 0 0 0 0 0 0 0.0 0
1315.02 0.07 0.85 0.08 0 0 0 0 0 0 0 0 0 0 0.0 0
1331.91 0.07 4.6 0.4 0 0 0 0 0 0 0 0 0 0 0.0 0
1338.66 0.3 1.83 0.16 0 0 0 0 0 0 0 0 0 0 0.0 0
1388.8 0.3 1.4e-2 0.5e-2 0 0 0 0 0 0 0 0 0 0 0.0 0
1404.6 0.2 0.166 0.016 0 0 0 0 0 0 0 0 0 0 0.0 0
1448.10 0.08 0.067 0.007 0 0 0 0 0 0 0 0 0 0 0.0 0
1465.0 0.2 1.24 0.13 0 0 0 0 0 0 0 0 0 0 0.0 0
1508.70 0.08 0.035 0.008 0 0 0 0 0 0 0 0 0 0 0.0 0
1520.9 1.0 0.204 0.022 0 0 0 0 0 0 0 0 0 0 0.0 0
1530.39 0.08 0.81 0.13 0 0 0 0 0 0 0 0 0 0 0.0 0
1532.3 1.0 8.3e-2 1.7e-2 0 0 0 0 0 0 0 0 0 0 0.0 0
1587.87 0.08 0.038 0.011 0 0 0 0 0 0 0 0 0 0 0.0 0
1603.2 0.5 1.58 0.23 0 0 0 0 0 0 0 0 0 0 0.0 0
1604.5 0.2 0.071 0.012 0 0 0 0 0 0 0 0 0 0 0.0 0
1619.17 0.10 0.33 0.09 0 0 0 0 0 0 0 0 0 0 0.0 0
1623.01 0.13 0.011 0.003 0 0 0 0 0 0 0 0 0 0 0.0 0
1644.3 0.5 0.057 0.004 0 0 0 0 0 0 0 0 0 0 0.0 0
1661.4 0.6 0.088 0.014 0 0 0 0 0 0 0 0 0 0 0.0 0
1662.2 0.6 1.0 0.3 0 0 0 0 0 0 0 0 0 0 0.0 0
1686.1 0.5 0.28 0.04 0 0 0 0 0 0 0 0 0 0 0.0 0
1732.8 0.3 0.073 0.023 0 0 0 0 0 0 0 0 0 0 0.0 0
1735.02 0.09 1.15 0.16 0 0 0 0 0 0 0 0 0 0 0.0 0
1775.2 0.5 0.153 0.018 0 0 0 0 0 0 0 0 0 0 0.0 0
1829.9 0.5 0.021 0.007 0 0 0 0 0 0 0 0 0 0 0.0 0
1838.8 0.5 0.30 0.03 0 0 0 0 0 0 0 0 0 0 0.0 0
1839.9 0.4 0.47 0.17 0 0 0 0 0 0 0 0 0 0 0.0 0
1893.1 0.5 0.159 0.023 0 0 0 0 0 0 0 0 0 0 0.0 0
1898.2 0.5 0.54 0.10 0 0 0 0 0 0 0 0 0 0 0.0 0
1906.3 0.6 0.52 0.07 0 0 0 0 0 0 0 0 0 0 0.0 0
1961.1 0.6 0.12 0.03 0 0 0 0 0 0 0 0 0 0 0.0 0
1971.5 0.03 1.42 0.25 0 0 0 0 0 0 0 0 0 0 0.0 0
1983.5 0.6 0.017 0.004 0 0 0 0 0 0 0 0 0 0 0.0 0
1997.9 0.6 0.032 0.007 0 0 0 0 0 0 0 0 0 0 0.0 0
2026.0 0.8 0.022 0.005 0 0 0 0 0 0 0 0 0 0 0.0 0
2030.6 0.8 0.042 0.010 0 0 0 0 0 0 0 0 0 0 0.0 0
2050.7 0.7 0.083 0.021 0 0 0 0 0 0 0 0 0 0 0.0 0
2054.8 1.0 0.013 0.003 0 0 0 0 0 0 0 0 0 0 0.0 0
2077.7 0.7 0.042 0.010 0 0 0 0 0 0 0 0 0 0 0.0 0
2082.5 0.5 0.26 0.05 0 0 0 0 0 0 0 0 0 0 0.0 0
2093.1 0.7 0.053 0.013 0 0 0 0 0 0 0 0 0 0 0.0 0
2100.8 0.5 0.11 0.03 0 0 0 0 0 0 0 0 0 0 0.0 0
2121.2 0.6 0.73 0.16 0 0 0 0 0 0 0 0 0 0 0.0 0
2121.8 0.9 1.92 0.42 0 0 0 0 0 0 0 0 0 0 0.0 0
2125.6 1.0 0.048 0.009 0 0 0 0 0 0 0 0 0 0 0.0 0
2126.3 0.5 0.775 0.194 0 0 0 0 0 0 0 0 0 0 0.0 0
2220.3 0.8 0.13 0.03 0 0 0 0 0 0 0 0 0 0 0.0 0
2228.7 1.0 0.56 0.11 0 0 0 0 0 0 0 0 0 0 0.0 0
2245.1 0.9 0.021 0.005 0 0 0 0 0 0 0 0 0 0 0.0 0
2275.0 1.5 0.45 0.11 0 0 0 0 0 0 0 0 0 0 0.0 0
2288.4 1.2 2.2 0.5 0 0 0 0 0 0 0 0 0 0 0.0 0
2316.1 1.1 0.33 0.08 0 0 0 0 0 0 0 0 0 0 0.0 0
2355.3 1.0 0.25 0.06 0 0 0 0 0 0 0 0 0 0 0.0 0
2382.7 0.8 0.28 0.06 0 0 0 0 0 0 0 0 0 0 0.0 0
2386.8 0.8 0.66 0.13 0 0 0 0 0 0 0 0 0 0 0.0 0
2394.4 0.8 2.25 0.42 0 0 0 0 0 0 0 0 0 0 0.0 0
2398.0 1.0 0.12 0.03 0 0 0 0 0 0 0 0 0 0 0.0 0
2427.2 1.0 1.33 0.25 0 0 0 0 0 0 0 0 0 0 0.0 0
2579.3 1.0 0.60 0.12 0 0 0 0 0 0 0 0 0 0 0.0 0
2614.2 1.0 1.2 0.3 0 0 0 0 0 0 0 0 0 0 0.0 0
2623.2 1.0 0.83 0.17 0 0 0 0 0 0 0 0 0 0 0.0 0
2627.7 1.0 0.45 0.08 0 0 0 0 0 0 0 0 0 0 0.0 0
2642.5 3.0 0.15 0.03 0 0 0 0 0 0 0 0 0 0 0.0 0
2660.8 1.0 0.048 0.009 0 0 0 0 0 0 0 0 0 0 0.0 0
2747.3 1.0 0.108 0.025 0 0 0 0 0 0 0 0 0 0 0.0 0
2966.1 1.0 0.20 0.04 0 0 0 0 0 0 0 0 0 0 0.0 0
2970.2 1.0 0.33 0.07 0 0 0 0 0 0 0 0 0 0 0.0 0
2987.6 1.0 0.56 0.11 0 0 0 0 0 0 0 0 0 0 0.0 0
3048.9 1.0 0.16 0.03 0 0 0 0 0 0 0 0 0 0 0.0 0
3218.4 1.0 0.36 0.08 0 0 0 0 0 0 0 0 0 0 0.0 0
3542.8 1.0 2.92 0.58 0 0 0 0 0 0 0 0 0 0 0.0 0
2655.3 1.0 0.61 0.13 0 0 0 0 0 0 0 0 0 0 0.0 0
3818.4 1.0 0.28 0.06 0 0 0 0 0 0 0 0 0 0 0.0 0
*************************************************** *************************************************** **********
Upper Limits of Resonances
Note: enter partial width upper limit by chosing non-zero va lue for PT, where PT=<theta^2> for particles and...
Note: ...PT=<B> for g-rays [enter: "upper_limit 0.0"]; for each resonance: # upper limits < # open channels!
Ecm DEcm Jr G1 DG1 L1 PT G2 DG2 L2 PT G3 DG3 L3 PT Exf Int
71.5 0.5 2 7.4e-14 0.0 0 0.0045 0.035 0.009 1 0 0.14 0.07 2 0 0.0 1
84.3 0.4 1 2.6e-12 0.0 1 0.0045 0.275 0.090 1 0 0.183 0.050 1 0 0. 0 1
*************************************************** *************************************************** **********
Interference between Resonances [numerical integration o nly]
Note: + for positive, - for negative interference; +- if inte rference sign is unknown
Ecm DEcm Jr G1 DG1 L1 PT G2 DG2 L2 PT G3 DG3 L3 PT Exf
!+-
0.0 0.0 0.0 0.0 0.0 0 0 0.0 0.0 0 0 0.0 0.0 0 0 0.0
0.0 0.0 0.0 0.0 0.0 0 0 0.0 0.0 0 0 0.0 0.0 0 0 0.0
*************************************************** *************************************************** **********
Comments:
1. Direct capture S-factor adopted from Iliadis et al. 2001 ( result agrees with measurement of Harissopulos et
al. 2000).
2. Resonance energies from Endt 1998.
3. Resonance strengths adopted from Chronidou et al. 1999 an d Harissopulos et al. 2000, normalized to standard
values listed in Tab. 1 of Iliadis et al. 2001.
4. For Er=71.5 keV: only upper limit can be obtained for weak l =0 component in presence of dominant l=2 proton
transfer angular distribution.
5. For Er=84.3 keV: partial widths adopted from Iliadis et al . 2001.
6. The triplet Er=193.4, 193.5, 195.5 keV (Ex=11778.5, 1177 8.6, 11780.2 keV) cannot be resolved in (p,g), (p,a)
or (3He,d) work; however, measured (p,g) strength for Er=19 5.5 keV can be regarded as total strength of
triplet.
References: Chronidou et al. [42]; Endt [70]; Harissopulos et al. [103]; Iliadis et al. [117].
