29Si(p,g)30P
*************************************************** *************************************************** **********
1 ! Zproj
14 ! Ztarget
0 ! Zexitparticle (=0 when only 2 channels open)
1.0078 ! Aproj
28.97649 ! Atarget
0 ! Aexitparticle (=0 when only 2 channels open)
0.5 ! Jproj
0.5 ! Jtarget
0.0 ! Jexitparticle (=0 when only 2 channels open)
5594.5 ! projectile separation energy (keV)
0.0 ! exit particle separation energy (=0 when only 2 channel s open)
1.25 ! Radius parameter R0 (fm)
2 ! Gamma-ray channel number (=2 if ejectile is a g-ray; =3 oth erwise)
*************************************************** *************************************************** **********
1.0 ! Minimum energy for numerical integration (keV)
8000 ! Number of random samples (>5000 for better statistics )
0 ! =0 for rate output at all temperatures; =NT for rate output at selected temperatures
*************************************************** *************************************************** **********
Nonresonant contribution
S(keVb) S’(b) S’’(b/keV) fracErr Cutoff Energy (keV)
1.05e2 -1.1e-2 0.0 0.4 1000.0
0.0 0.0 0.0 0.0 0.0
*************************************************** *************************************************** **********
Resonant Contribution
Note: G1 = entrance channel, G2 = exit channel, G3 = spectator channel !! Ecm, Exf in (keV); wg, Gx in (eV) !!
Note: if Er<0, theta^2=C2S*theta_sp^2 must be entered inst ead of entrance channel partial width
Ecm DEcm wg Dwg J G1 DG1 L1 G2 DG2 L2 G3 DG3 L3 Exf Int
295.5 12.0 0.0 0.0 3 2.3e-5 0.9e-5 2 0.1 0.001 1 0 0 0 0.0 0
313.1 0.7 1.27e-2 4.2e-3 0 0 0 0 0 0 0 0 0 0 0.0 0
402.4 0.7 0.22 0.021 0 0 0 0 0 0 0 0 0 0 0.0 0
674.8 0.7 0.275 0.063 0 0 0 0 0 0 0 0 0 0 0.0 0
704.5 0.4 0.1 0.02 0 0 0 0 0 0 0 0 0 0 0.0 0
886.5 0.4 9.3e-2 0.019 0 0 0 0 0 0 0 0 0 0 0.0 0
924.9 0.4 4.23e-2 8.46e-3 0 0 0 0 0 0 0 0 0 0 0.0 0
1003.2 0.6 6.3e-3 2.5e-3 0 0 0 0 0 0 0 0 0 0 0.0 0
1073.3 0.6 3.8e-2 8.4e-3 0 0 0 0 0 0 0 0 0 0 0.0 0
1258.4 0.6 0.339 0.063 0 0 0 0 0 0 0 0 0 0 0.0 0
1278.9 0.6 0.148 0.063 0 0 0 0 0 0 0 0 0 0 0.0 0
1282.4 1.0 0.508 0.19 0 0 0 0 0 0 0 0 0 0 0.0 0
1326.8 1.0 0.72 0.19 0 0 0 0 0 0 0 0 0 0 0.0 0
1383.8 0.6 6.3e-3 2.5e-3 0 0 0 0 0 0 0 0 0 0 0.0 0
1420.4 0.6 0.19 0.042 0 0 0 0 0 0 0 0 0 0 0.0 0
1450.4 0.6 1.9e-2 6.3e-3 0 0 0 0 0 0 0 0 0 0 0.0 0
1455.0 0.6 0.593 0.106 0 0 0 0 0 0 0 0 0 0 0.0 0
1524.6 0.6 1.27e-2 4.2e-3 0 0 0 0 0 0 0 0 0 0 0.0 0
1583.9 3.0 0.847 0.25 0 0 0 0 0 0 0 0 0 0 0.0 0
1608.4 0.6 0.19 0.042 0 0 0 0 0 0 0 0 0 0 0.0 0
1613.0 0.6 9.95e-2 0.019 0 0 0 0 0 0 0 0 0 0 0.0 0
1628.4 1.0 1.165 0.30 0 0 0 0 0 0 0 0 0 0 0.0 0
1687.5 0.6 0.40 0.15 0 0 0 0 0 0 0 0 0 0 0.0 0
1688.8 0.6 0.995 0.30 0 0 0 0 0 0 0 0 0 0 0.0 0
1710.4 0.6 0.169 0.063 0 0 0 0 0 0 0 0 0 0 0.0 0
1711.7 0.6 0.148 0.063 0 0 0 0 0 0 0 0 0 0 0.0 0
1788.9 0.6 8.0e-2 0.021 0 0 0 0 0 0 0 0 0 0 0.0 0
1898.0 1.0 0.27 0.062 0 0 0 0 0 0 0 0 0 0 0.0 0
1966.0 0.6 0.127 0.032 0 0 0 0 0 0 0 0 0 0 0.0 0
1967.9 0.6 0.38 0.095 0 0 0 0 0 0 0 0 0 0 0.0 0
1985.4 0.6 9.7e-2 0.024 0 0 0 0 0 0 0 0 0 0 0.0 0
2010.6 0.6 0.678 0.17 0 0 0 0 0 0 0 0 0 0 0.0 0
2041.6 0.6 0.36 0.09 0 0 0 0 0 0 0 0 0 0 0.0 0
2049.9 0.6 0.67 0.17 0 0 0 0 0 0 0 0 0 0 0.0 0
2093.8 0.6 5.5e-2 0.014 0 0 0 0 0 0 0 0 0 0 0.0 0
2154.8 0.6 0.23 0.058 0 0 0 0 0 0 0 0 0 0 0.0 0
2158.3 0.6 4.2e-2 0.011 0 0 0 0 0 0 0 0 0 0 0.0 0
2164.6 0.6 0.97 0.24 0 0 0 0 0 0 0 0 0 0 0.0 0
2191.9 0.6 5.1e-2 0.013 0 0 0 0 0 0 0 0 0 0 0.0 0
2231.9 0.6 4.8e-2 0.012 0 0 0 0 0 0 0 0 0 0 0.0 0
2289.4 0.6 0.1 0.025 0 0 0 0 0 0 0 0 0 0 0.0 0
2326.5 0.6 0.29 0.073 0 0 0 0 0 0 0 0 0 0 0.0 0
2327.3 0.6 0.38 0.095 0 0 0 0 0 0 0 0 0 0 0.0 0
2402.2 0.6 0.74 0.185 0 0 0 0 0 0 0 0 0 0 0.0 0
2406.3 1.0 0.11 0.028 0 0 0 0 0 0 0 0 0 0 0.0 0
2412.9 0.6 0.44 0.11 0 0 0 0 0 0 0 0 0 0 0.0 0
2419.8 0.6 7.6e-2 0.019 0 0 0 0 0 0 0 0 0 0 0.0 0
2500.9 2.9 0.63 0.16 0 0 0 0 0 0 0 0 0 0 0.0 0
2511.6 2.9 0.27 0.068 0 0 0 0 0 0 0 0 0 0 0.0 0
2557.1 2.9 4.0e-1 0.1 0 0 0 0 0 0 0 0 0 0 0.0 0
2570.6 2.9 1.5e-1 0.038 0 0 0 0 0 0 0 0 0 0 0.0 0
2592.8 2.9 6.6e-2 0.017 0 0 0 0 0 0 0 0 0 0 0.0 0
2611.2 2.9 4.0e-1 0.1 0 0 0 0 0 0 0 0 0 0 0.0 0
2676.9 2.9 3.3e-1 0.083 0 0 0 0 0 0 0 0 0 0 0.0 0
2681.7 2.9 7.0e-2 0.018 0 0 0 0 0 0 0 0 0 0 0.0 0
2683.7 2.9 2.8 0.7 0 0 0 0 0 0 0 0 0 0 0.0 0
2724.2 2.9 6.5e-1 0.16 0 0 0 0 0 0 0 0 0 0 0.0 0
2755.2 2.9 3.0e-2 0.008 0 0 0 0 0 0 0 0 0 0 0.0 0
2756.1 2.9 6.7e-2 0.017 0 0 0 0 0 0 0 0 0 0 0.0 0
2757.1 2.9 2.5e-1 0.063 0 0 0 0 0 0 0 0 0 0 0.0 0
2791.9 2.9 2.5e-1 0.063 0 0 0 0 0 0 0 0 0 0 0.0 0
2803.5 2.9 8.4e-2 0.021 0 0 0 0 0 0 0 0 0 0 0.0 0
2814.1 2.9 1.3e-1 0.033 0 0 0 0 0 0 0 0 0 0 0.0 0
2831.5 2.9 2.8e-2 0.007 0 0 0 0 0 0 0 0 0 0 0.0 0
2837.3 2.9 8.2e-1 0.21 0 0 0 0 0 0 0 0 0 0 0.0 0
2856.6 2.9 4.7e-1 0.12 0 0 0 0 0 0 0 0 0 0 0.0 0
2889.5 2.9 1.5e-1 0.038 0 0 0 0 0 0 0 0 0 0 0.0 0
2931.1 2.9 5.1e-1 0.13 0 0 0 0 0 0 0 0 0 0 0.0 0
2935.9 2.9 7.8e-2 0.02 0 0 0 0 0 0 0 0 0 0 0.0 0
2987.1 2.9 1.0e-1 0.03 0 0 0 0 0 0 0 0 0 0 0.0 0
3024.8 2.9 4.2e-1 0.11 0 0 0 0 0 0 0 0 0 0 0.0 0
3037.4 2.9 1.6e-1 0.04 0 0 0 0 0 0 0 0 0 0 0.0 0
3048.0 2.9 5.1e-1 0.13 0 0 0 0 0 0 0 0 0 0 0.0 0
3052.8 2.9 3.2e-1 0.08 0 0 0 0 0 0 0 0 0 0 0.0 0
3067.3 2.9 9.1e-1 0.23 0 0 0 0 0 0 0 0 0 0 0.0 0
3075.0 2.9 5.7e-1 0.14 0 0 0 0 0 0 0 0 0 0 0.0 0
*************************************************** *************************************************** **********
Upper Limits of Resonances
Note: enter partial width upper limit by chosing non-zero va lue for PT, where PT=<theta^2> for particles and...
Note: ...PT=<B> for g-rays [enter: "upper_limit 0.0"]; for each resonance: # upper limits < # open channels!
Ecm DEcm Jr G1 DG1 L1 PT G2 DG2 L2 PT G3 DG3 L3 PT Exf Int
107.2 4.0 1 5.1e-11 0.0 0 0.0045 4.1e-2 2.1e-2 1 0 0.0 0.0 0 0 0.0 1
119.5 3.0 5 3.6e-15 0.0 4 0.0045 0.1 0.0001 1 0 0.0 0.0 0 0 0.0 0
213.5 3.0 3 1.8e-7 0.0 2 0.0045 0.1 0.0001 1 0 0.0 0.0 0 0 0.0 0
*************************************************** *************************************************** **********
Interference between Resonances [numerical integration o nly]
Note: + for positive, - for negative interference; +- if inte rference sign is unknown
Ecm DEcm Jr G1 DG1 L1 PT G2 DG2 L2 PT G3 DG3 L3 PT Exf
!+-
0.0 0.0 0.0 0.0 0.0 0 0 0.0 0.0 0 0 0.0 0.0 0 0 0.0
0.0 0.0 0.0 0.0 0.0 0 0 0.0 0.0 0 0 0.0 0.0 0 0 0.0
*************************************************** *************************************************** **********
Comments:
1. Value of Jp=3+ assumed for Er=295.5 keV; value of Gg=0.1+- 0.001 eV is a guess (inconsequential).
2. For Er=119.5 and 213.5 keV, values of Jp=5+ and 3+, respect ively, are assumed; values of Gg=0.1+-0.0001 eV
are guesses (inconsequential).
3. Strengths of resonances above Er=300 keV are adopted from Endt 1998, but renormalized to standard value for
Er=402 keV.
References: Endt [70].
