30Si(p,g)31P
*************************************************** *************************************************** **********
1 ! Zproj
14 ! Ztarget
0 ! Zexitparticle (=0 when only 2 channels open)
1.0078 ! Aproj
29.97377 ! Atarget
0 ! Aexitparticle (=0 when only 2 channels open)
0.5 ! Jproj
0.0 ! Jtarget
0.0 ! Jexitparticle (=0 when only 2 channels open)
7296.93 ! projectile separation energy (keV)
0.0 ! exit particle separation energy (=0 when only 2 channel s open)
1.25 ! Radius parameter R0 (fm)
2 ! Gamma-ray channel number (=2 if ejectile is a g-ray; =3 oth erwise)
*************************************************** *************************************************** **********
1.0 ! Minimum energy for numerical integration (keV)
20000 ! Number of random samples (>5000 for better statistic s)
0 ! =0 for rate output at all temperatures; =NT for rate output at selected temperatures
*************************************************** *************************************************** **********
Nonresonant contribution
S(keVb) S’(b) S’’(b/keV) fracErr Cutoff Energy (keV)
2.2e2 -4.0e-2 0.0 0.4 1000.0
0.0 0.0 0.0 0.0 0.0
*************************************************** *************************************************** **********
Resonant Contribution
Note: G1 = entrance channel, G2 = exit channel, G3 = spectator channel !! Ecm, Exf in (keV); wg, Gx in (eV) !!
Note: if Er<0, theta^2=C2S*theta_sp^2 must be entered inst ead of entrance channel partial width
Ecm DEcm wg Dwg J G1 DG1 L1 G2 DG2 L2 G3 DG3 L3 Exf Int
17.1 4.0 0 0 3.5 1.3e-42 0.5e-42 3 0.1 0.001 1 0 0 0 0.0 0
439.1 4.0 0 0 3.5 9.2e-5 3.7e-5 3 0.1 0.001 1 0 0 0 0.0 0
482.7 1.0 0.106 0.027 0 0 0 0 0 0 0 0 0 0 0.0 0
600.2 1.2 1.949 0.48 0 0 0 0 0 0 0 0 0 0 0.0 0
648.9 1.0 7.53e-2 0.019 0 0 0 0 0 0 0 0 0 0 0.0 0
735.6 0.9 8.86e-2 0.022 0 0 0 0 0 0 0 0 0 0 0.0 0
752.1 1.0 0.443 0.11 0 0 0 0 0 0 0 0 0 0 0.0 0
808.1 1.3 0.195 0.049 0 0 0 0 0 0 0 0 0 0 0.0 0
911.4 0.6 0.886 0.22 0 0 0 0 0 0 0 0 0 0 0.0 0
928.1 0.6 0.142 0.036 0 0 0 0 0 0 0 0 0 0 0.0 0
946.4 0.6 0.71 0.18 0 0 0 0 0 0 0 0 0 0 0.0 0
950.5 0.6 0.797 0.2 0 0 0 0 0 0 0 0 0 0 0.0 0
1059.0 0.6 0.106 0.027 0 0 0 0 0 0 0 0 0 0 0.0 0
1137.2 0.7 0.182 0.046 0 0 0 0 0 0 0 0 0 0 0.0 0
1164.3 0.7 0.71 0.18 0 0 0 0 0 0 0 0 0 0 0.0 0
1246.9 0.8 0.142 0.036 0 0 0 0 0 0 0 0 0 0 0.0 0
1255.5 0.8 0.576 0.144 0 0 0 0 0 0 0 0 0 0 0.0 0
1258.7 0.8 0.443 0.11 0 0 0 0 0 0 0 0 0 0 0.0 0
1278.9 0.8 1.019 0.25 0 0 0 0 0 0 0 0 0 0 0.0 0
1287.4 0.8 0.137 0.03 0 0 0 0 0 0 0 0 0 0 0.0 0
1344.5 0.8 1.55 0.38 0 0 0 0 0 0 0 0 0 0 0.0 0
1352.7 0.8 1.949 0.48 0 0 0 0 0 0 0 0 0 0 0.0 0
1432.3 0.8 2.126 0.53 0 0 0 0 0 0 0 0 0 0 0.0 0
1433.8 0.8 1.417 0.35 0 0 0 0 0 0 0 0 0 0 0.0 0
1441.2 0.8 0.886 0.22 0 0 0 0 0 0 0 0 0 0 0.0 0
1460.6 0.8 1.55 0.38 0 0 0 0 0 0 0 0 0 0 0.0 0
1466.6 0.9 0.35 0.087 0 0 0 0 0 0 0 0 0 0 0.0 0
1543.2 0.9 0.177 0.044 0 0 0 0 0 0 0 0 0 0 0.0 0
1606.2 1.0 0.35 0.087 0 0 0 0 0 0 0 0 0 0 0.0 0
1613.0 1.0 0.35 0.087 0 0 0 0 0 0 0 0 0 0 0.0 0
1639.1 1.0 1.06 0.26 0 0 0 0 0 0 0 0 0 0 0.0 0
1697.8 1.0 0.177 0.044 0 0 0 0 0 0 0 0 0 0 0.0 0
1712.3 1.1 1.24 0.31 0 0 0 0 0 0 0 0 0 0 0.0 0
1749.4 1.1 1.95 0.48 0 0 0 0 0 0 0 0 0 0 0.0 0
1755.9 1.1 0.443 0.11 0 0 0 0 0 0 0 0 0 0 0.0 0
1770.4 1.1 1.5 0.37 0 0 0 0 0 0 0 0 0 0 0.0 0
1816.8 0.6 0.389 0.097 0 0 0 0 0 0 0 0 0 0 0.0 0
1818.9 0.6 2.126 0.53 0 0 0 0 0 0 0 0 0 0 0.0 0
1831.9 0.6 0.261 0.065 0 0 0 0 0 0 0 0 0 0 0.0 0
1834.3 0.6 0.62 0.15 0 0 0 0 0 0 0 0 0 0 0.0 0
1857.6 0.6 0.319 0.08 0 0 0 0 0 0 0 0 0 0 0.0 0
1859.7 0.6 0.75 0.18 0 0 0 0 0 0 0 0 0 0 0.0 0
1879.4 0.6 0.57 0.14 0 0 0 0 0 0 0 0 0 0 0.0 0
1909.5 0.6 0.297 0.074 0 0 0 0 0 0 0 0 0 0 0.0 0
1929.7 0.6 0.407 0.10 0 0 0 0 0 0 0 0 0 0 0.0 0
1944.1 0.7 0.89 0.22 0 0 0 0 0 0 0 0 0 0 0.0 0
1956.3 0.7 0.443 0.11 0 0 0 0 0 0 0 0 0 0 0.0 0
1959.3 0.7 0.443 0.11 0 0 0 0 0 0 0 0 0 0 0.0 0
1994.2 0.7 0.66 0.16 0 0 0 0 0 0 0 0 0 0 0.0 0
2023.0 0.8 3.2e-1 0.08 0 0 0 0 0 0 0 0 0 0 0.0 0
2061.6 0.8 2.4e-1 0.06 0 0 0 0 0 0 0 0 0 0 0.0 0
2064.3 0.8 6.5e-1 0.16 0 0 0 0 0 0 0 0 0 0 0.0 0
2103.2 0.8 2.2e-1 0.06 0 0 0 0 0 0 0 0 0 0 0.0 0
2115.9 0.8 5.8 1.5 0 0 0 0 0 0 0 0 0 0 0.0 0
2144.2 0.9 6.6e-1 0.16 0 0 0 0 0 0 0 0 0 0 0.0 0
2152.3 0.9 1.2 0.3 0 0 0 0 0 0 0 0 0 0 0.0 0
2180.4 0.9 1.6e-1 0.04 0 0 0 0 0 0 0 0 0 0 0.0 0
2228.1 0.9 7.5e-1 0.19 0 0 0 0 0 0 0 0 0 0 0.0 0
2239.9 1.0 6.6e-1 0.17 0 0 0 0 0 0 0 0 0 0 0.0 0
2273.9 1.0 1.4 0.35 0 0 0 0 0 0 0 0 0 0 0.0 0
2281.2 1.0 6.2e-1 0.16 0 0 0 0 0 0 0 0 0 0 0.0 0
2288.4 1.0 1.8 0.45 0 0 0 0 0 0 0 0 0 0 0.0 0
2297.3 1.0 6.6e-1 0.16 0 0 0 0 0 0 0 0 0 0 0.0 0
2301.9 1.0 1.1e-1 0.03 0 0 0 0 0 0 0 0 0 0 0.0 0
2315.3 1.0 4.8e-1 0.12 0 0 0 0 0 0 0 0 0 0 0.0 0
2423.9 1.0 2.8 0.7 0 0 0 0 0 0 0 0 0 0 0.0 0
2459.3 1.9 2.0 0.5 0 0 0 0 0 0 0 0 0 0 0.0 0
2463.2 1.9 5.3 1.3 0 0 0 0 0 0 0 0 0 0 0.0 0
2468.0 1.9 1.1 0.28 0 0 0 0 0 0 0 0 0 0 0.0 0
2519.3 1.9 3.5e-1 0.09 0 0 0 0 0 0 0 0 0 0 0.0 0
2522.2 1.9 9.7e-1 0.24 0 0 0 0 0 0 0 0 0 0 0.0 0
2543.5 1.9 3.1e-1 0.08 0 0 0 0 0 0 0 0 0 0 0.0 0
2546.4 1.9 3.8 0.95 0 0 0 0 0 0 0 0 0 0 0.0 0
2555.1 1.9 6.2e-1 0.16 0 0 0 0 0 0 0 0 0 0 0.0 0
2568.6 1.9 1.2 0.3 0 0 0 0 0 0 0 0 0 0 0.0 0
2570.6 1.9 1.2 0.3 0 0 0 0 0 0 0 0 0 0 0.0 0
2610.2 1.9 4.8 1.2 0 0 0 0 0 0 0 0 0 0 0.0 0
2628.6 1.9 7.5e-1 0.19 0 0 0 0 0 0 0 0 0 0 0.0 0
2644.1 1.9 6.2e-1 0.16 0 0 0 0 0 0 0 0 0 0 0.0 0
2648.9 1.9 2.6e-1 0.07 0 0 0 0 0 0 0 0 0 0 0.0 0
2666.3 1.9 6.2e-1 0.16 0 0 0 0 0 0 0 0 0 0 0.0 0
2702.1 1.9 1.3 0.33 0 0 0 0 0 0 0 0 0 0 0.0 0
2722.5 1.9 3.8 0.95 0 0 0 0 0 0 0 0 0 0 0.0 0
2749.5 1.9 4.4 1.1 0 0 0 0 0 0 0 0 0 0 0.0 0
2778.6 1.9 4.4e-1 0.11 0 0 0 0 0 0 0 0 0 0 0.0 0
2792.1 1.9 2.1 0.53 0 0 0 0 0 0 0 0 0 0 0.0 0
2795.0 1.9 1.5 0.38 0 0 0 0 0 0 0 0 0 0 0.0 0
2801.8 1.9 2.3 0.58 0 0 0 0 0 0 0 0 0 0 0.0 0
2819.2 1.9 5.7e-1 0.14 0 0 0 0 0 0 0 0 0 0 0.0 0
2847.3 1.9 1.3 0.33 0 0 0 0 0 0 0 0 0 0 0.0 0
2856.0 1.9 4.4e-1 0.11 0 0 0 0 0 0 0 0 0 0 0.0 0
2895.6 1.9 3.3 0.83 0 0 0 0 0 0 0 0 0 0 0.0 0
2928.5 1.9 1.6 0.4 0 0 0 0 0 0 0 0 0 0 0.0 0
*************************************************** *************************************************** **********
Upper Limits of Resonances
Note: enter partial width upper limit by chosing non-zero va lue for PT, where PT=<theta^2> for particles and...
Note: ...PT=<B> for g-rays [enter: "upper_limit 0.0"]; for each resonance: # upper limits < # open channels!
Ecm DEcm Jr G1 DG1 L1 PT G2 DG2 L2 PT G3 DG3 L3 PT Exf Int
52.1 5.0 1.5 5.0e-17 0.0 1 0.0045 0.1 0.001 1 0 0 0 0 0 0.0 0
144.3 0.7 5.5 1.4e-16 0.0 6 0.0045 0.1 0.001 1 0 0 0 0 0 0.0 0
169.1 2.0 3.5 2.7e-11 0.0 3 0.0045 0.1 0.001 1 0 0 0 0 0 0.0 0
418.1 5.0 0.5 0.23 0.0 0 0.0045 1.0 0.001 1 0 0 0 0 0 0.0 0
*************************************************** *************************************************** **********
Interference between Resonances [numerical integration o nly]
Note: + for positive, - for negative interference; +- if inte rference sign is unknown
Ecm DEcm Jr G1 DG1 L1 PT G2 DG2 L2 PT G3 DG3 L3 PT Exf
!+-
0.0 0.0 0.0 0.0 0.0 0 0 0.0 0.0 0 0 0.0 0.0 0 0 0.0
0.0 0.0 0.0 0.0 0.0 0 0 0.0 0.0 0 0 0.0 0.0 0 0 0.0
*************************************************** *************************************************** **********
Comments:
1. Value of Jp=7/2- assumed for Er=17.1 and 439.1 keV; value o f Gg=0.1+-0.001 eV is a guess (inconsequential).
2. Values of Jp=3/2- and 7/2- assumed for unobserved Er=52.1 and 169.1 keV resonances, respectively; value of
Gg=0.1+-0.001 eV is a guess (inconsequential).
3. Value of Gg=0.1+-0.001 eV for unobserved Er=144.3 keV res onance is a guess (inconsequential).
4. Value of Jp=1/2+ (s-wave) assumed for unobserved Er=418. 1 keV resonance; value of Gg=1.0+-0.001 eV is a
guess, implying Gp<Gg.
5. Strengths of resonances above Er=480 keV adopted from End t 1990, but have been renormalized to standard
strength of Er=600 keV.
References: Endt [69].
