30S(a,p)33Cl
*************************************************** *************************************************** **********
2 ! Zproj
16 ! Ztarget
1 ! Zexitparticle (=0 when only 2 channels open)
4.003 ! Aproj
30 ! Atarget
1.009 ! Aexitparticle (=0 when only 2 channels open)
0.0 ! Jproj
0.0 ! Jtarget
0.5 ! Jexitparticle (=0 when only 2 channels open)
6743.95487 ! projectile separation energy (keV)
4663.924064 ! exit particle separation energy (=0 when only 2 channels open)
1.25 ! Radius parameter R0 (fm)
3 ! Gamma-ray channel number (=2 if ejectile is a g-ray; =3 otherwise)
*************************************************** *************************************************** **********
1.0 ! Minimum energy for numerical integration (keV)
1 ! Number of random samples (>5000 for better statistics )
0 ! =0 for rate output at all temperatures; =NT for rate output at selected temperatures
0 0 ! (Res, E) =0 for no correlation. =1 for correlation
*************************************************** *************************************************** **********
Nonresonant Contribution
S(keVb) S’(b) S’’(b/keV) fracErr Cutoff Energy (keV)
0.0 0.0 0.0 0.0 0.0
0.0 0.0 0.0 0.0 0.0
*************************************************** *************************************************** **********
Resonant Contribution
Note: G1 = entrance channel, G2 = exit channel, G3 = spectator channel !! Ecm, Exf in (keV); wg, Gx in (eV) !!
Note: if Er<0, theta^2=C2S*theta_sp^2 must be entered inst ead of entrance channel partial width
Ecm      DEcm  wg Dwg Jr G1        DG1       L1 G2        DG2       L2 G3 DG3 L3 Exf Int Corr/Frac
 223.998 0.224  0   0  4 5.234e+03 5.234e+00  4 3.814e+04 3.814e+01  1  0   0  0   0   1         0
 309.366 0.309  0   0  2 1.064e+02 1.064e-01  2 6.407e+04 6.407e+01  1  0   0  0   0   1         0
 572.158 0.572  0   0  0 1.729e+01 1.729e-02  0 9.432e+01 9.432e-02  1  0   0  0   0   1         0
 626.280 0.626  0   0  1 2.660e+01 2.660e-02  0 1.243e+04 1.243e+01  1  0   0  0   0   1         0
 815.415 0.815  0   0  2 1.287e+02 1.287e-01  2 3.340e-02 3.340e-05  1  0   0  0   0   1         0
 874.820 0.875  0   0  2 1.906e+03 1.906e+00  2 2.531e+04 2.531e+01  1  0   0  0   0   1         0
 916.413 0.916  0   0  3 5.337e+02 5.337e-01  0 4.663e+03 4.663e+00  1  0   0  0   0   1         0
 912.368 0.912  0   0  0 2.299e+01 2.299e-02  0 7.790e+02 7.790e-01  1  0   0  0   0   1         0
 924.320 0.924  0   0  0 3.381e+03 3.381e+00  0 2.723e+04 2.723e+01  1  0   0  0   0   1         0
1108.225 1.108  0   0  3 1.286e+04 1.286e+01  0 4.360e+04 4.360e+01  1  0   0  0   0   1         0
1180.319 1.180  0   0  5 1.339e+03 1.339e+00  0 2.227e+03 2.227e+00  1  0   0  0   0   1         0
1529.954 1.530  0   0  1 1.756e+03 1.756e+00  0 1.340e+02 1.340e-01  1  0   0  0   0   1         0
1567.245 1.567  0   0  1 6.544e+03 6.544e+00  0 1.492e+04 1.492e+01  1  0   0  0   0   1         0
1550.945 1.551  0   0  4 2.116e+02 2.116e-01  4 6.570e+02 6.570e-01  1  0   0  0   0   1         0
1649.586 1.650  0   0  0 1.650e+02 1.650e-01  0 3.243e+04 3.243e+01  1  0   0  0   0   1         0
1600.199 1.600  0   0  3 7.645e+02 7.645e-01  0 1.071e+04 1.071e+01  1  0   0  0   0   1         0
1700.902 1.701  0   0  3 5.480e+02 5.480e-01  0 1.413e+03 1.413e+00  1  0   0  0   0   1         0
1877.583 1.878  0   0  2 5.302e+03 5.302e+00  2 7.183e+03 7.183e+00  1  0   0  0   0   1         0
1949.165 1.949  0   0  2 9.213e+03 9.213e+00  2 3.462e+04 3.462e+01  1  0   0  0   0   1         0
2184.186 2.184  0   0  1 3.255e+04 3.255e+01  0 8.746e+02 8.746e-01  1  0   0  0   0   1         0
2295.649 2.296  0   0  1 2.261e+03 2.261e+00  0 3.199e+04 3.199e+01  1  0   0  0   0   1         0
2675.910 2.676  0   0  4 6.724e+03 6.724e+00  4 3.856e+04 3.856e+01  1  0   0  0   0   1         0
2889.942 2.890  0   0  0 4.280e+02 4.280e-01  0 1.176e+01 1.176e-02  1  0   0  0   0   1         0
2918.910 2.919  0   0  3 1.591e+04 1.591e+01  0 2.237e+03 2.237e+00  1  0   0  0   0   1         0
3029.229 3.029  0   0  2 3.859e+03 3.859e+00  2 4.803e+03 4.803e+00  1  0   0  0   0   1         0
3169.020 3.169  0   0  2 1.761e+02 1.761e-01  2 1.172e+04 1.172e+01  1  0   0  0   0   1         0
3397.771 3.398  0   0  1 1.002e+02 1.002e-01  0 3.258e+04 3.258e+01  1  0   0  0   0   1         0
3510.197 3.510  0   0  0 2.797e+03 2.797e+00  0 5.092e+03 5.092e+00  1  0   0  0   0   1         0
3682.747 3.683  0   0  1 8.901e+02 8.901e-01  0 3.163e+04 3.163e+01  1  0   0  0   0   1         0
3674.909 3.675  0   0  6 5.284e+01 5.284e-02  6 2.036e+03 2.036e+00  1  0   0  0   0   1         0
3655.587 3.656  0   0  0 1.213e+04 1.213e+01  0 6.507e+03 6.507e+00  1  0   0  0   0   1         0
3712.762 3.713  0   0  2 6.849e+03 6.849e+00  2 3.027e+03 3.027e+00  1  0   0  0   0   1         0
3708.087 3.708  0   0  4 8.177e+03 8.177e+00  4 5.436e+04 5.436e+01  1  0   0  0   0   1         0
3742.662 3.743  0   0  5 1.033e+02 1.033e-01  0 1.321e+03 1.321e+00  1  0   0  0   0   1         0
3892.629 3.893  0   0  1 2.898e+03 2.898e+00  0 1.316e+03 1.316e+00  1  0   0  0   0   1         0
3893.782 3.894  0   0  5 1.596e+04 1.596e+01  0 5.893e+03 5.893e+00  1  0   0  0   0   1         0
3976.605 3.977  0   0  2 1.935e+03 1.935e+00  2 3.469e+02 3.469e-01  1  0   0  0   0   1         0
4008.183 4.008  0   0  1 9.253e+00 9.253e-03  0 4.287e+04 4.287e+01  1  0   0  0   0   1         0
4027.729 4.028  0   0  2 2.215e+03 2.215e+00  2 1.513e+04 1.513e+01  1  0   0  0   0   1         0
4010.391 4.010  0   0  0 2.067e+04 2.067e+01  0 5.515e+01 5.515e-02  1  0   0  0   0   1         0
4089.728 4.090  0   0  2 7.371e+03 7.371e+00  2 9.868e+02 9.868e-01  1  0   0  0   0   1         0
4121.907 4.122  0   0  3 5.461e-02 5.461e-05  0 8.461e+01 8.461e-02  1  0   0  0   0   1         0
4156.455 4.156  0   0  0 4.377e+03 4.377e+00  0 4.479e+04 4.479e+01  1  0   0  0   0   1         0
4236.315 4.236  0   0  2 4.916e+03 4.916e+00  2 4.910e+03 4.910e+00  1  0   0  0   0   1         0
4367.143 4.367  0   0  0 5.313e+03 5.313e+00  0 3.559e+01 3.559e-02  1  0   0  0   0   1         0
4444.627 4.445  0   0  6 2.904e+03 2.904e+00  6 2.010e+03 2.010e+00  1  0   0  0   0   1         0
4437.487 4.437  0   0  2 6.957e+03 6.957e+00  2 5.691e+03 5.691e+00  1  0   0  0   0   1         0
4470.973 4.471  0   0  3 1.201e+03 1.201e+00  0 4.253e+03 4.253e+00  1  0   0  0   0   1         0
4504.589 4.505  0   0  3 1.092e+03 1.092e+00  0 1.804e+04 1.804e+01  1  0   0  0   0   1         0
4533.381 4.533  0   0  1 7.756e+02 7.756e-01  0 1.766e+03 1.766e+00  1  0   0  0   0   1         0
4645.519 4.646  0   0  1 3.031e+03 3.031e+00  0 6.210e+04 6.210e+01  1  0   0  0   0   1         0
4662.761 4.663  0   0  2 4.184e+04 4.184e+01  2 1.176e+04 1.176e+01  1  0   0  0   0   1         0
4681.281 4.681  0   0  2 1.459e+04 1.459e+01  2 4.329e+03 4.329e+00  1  0   0  0   0   1         0
4842.703 4.843  0   0  2 4.375e+03 4.375e+00  2 1.310e+03 1.310e+00  1  0   0  0   0   1         0
4946.196 4.946  0   0  5 7.171e+03 7.171e+00  0 1.672e+04 1.672e+01  1  0   0  0   0   1         0
4942.170 4.942  0   0  2 5.912e+02 5.912e-01  2 1.839e+03 1.839e+00  1  0   0  0   0   1         0
4979.306 4.979  0   0  2 4.907e+02 4.907e-01  2 2.847e+04 2.847e+01  1  0   0  0   0   1         0
5000.393 5.000  0   0  2 9.284e+03 9.284e+00  2 4.203e+02 4.203e-01  1  0   0  0   0   1         0
5056.014 5.056  0   0  1 2.428e+02 2.428e-01  0 8.907e+03 8.907e+00  1  0   0  0   0   1         0
5070.023 5.070  0   0  5 4.968e+01 4.968e-02  0 1.922e+04 1.922e+01  1  0   0  0   0   1         0
5099.933 5.100  0   0  5 4.990e+03 4.990e+00  0 2.407e+04 2.407e+01  1  0   0  0   0   1         0
5121.664 5.122  0   0  3 2.569e+03 2.569e+00  0 1.022e+04 1.022e+01  1  0   0  0   0   1         0
5204.912 5.205  0   0  4 2.179e+03 2.179e+00  4 5.807e+01 5.807e-02  1  0   0  0   0   1         0
5268.038 5.268  0   0  4 1.054e+04 1.054e+01  4 2.271e+03 2.271e+00  1  0   0  0   0   1         0
5289.637 5.290  0   0  4 2.472e+03 2.472e+00  4 4.549e+02 4.549e-01  1  0   0  0   0   1         0
5304.939 5.305  0   0  2 4.670e+01 4.670e-02  2 5.911e-03 5.911e-06  1  0   0  0   0   1         0
5307.877 5.308  0   0  4 1.243e+01 1.243e-02  4 2.283e+04 2.283e+01  1  0   0  0   0   1         0
5357.525 5.358  0   0  4 2.993e+03 2.993e+00  4 1.890e+02 1.890e-01  1  0   0  0   0   1         0
5393.207 5.393  0   0  4 6.790e+02 6.790e-01  4 5.584e+03 5.584e+00  1  0   0  0   0   1         0
5473.553 5.474  0   0  0 3.184e+02 3.184e-01  0 2.283e+04 2.283e+01  1  0   0  0   0   1         0
5468.695 5.469  0   0  6 1.929e+02 1.929e-01  6 4.423e+03 4.423e+00  1  0   0  0   0   1         0
5461.182 5.461  0   0  4 4.138e+04 4.138e+01  4 8.123e+02 8.123e-01  1  0   0  0   0   1         0
5460.633 5.461  0   0  3 8.561e+02 8.561e-01  0 7.168e+03 7.168e+00  1  0   0  0   0   1         0
5487.810 5.488  0   0  4 6.126e+03 6.126e+00  4 5.373e+01 5.373e-02  1  0   0  0   0   1         0
5456.082 5.456  0   0  2 6.935e+02 6.935e-01  2 1.635e+04 1.635e+01  1  0   0  0   0   1         0
5528.360 5.528  0   0  2 1.015e+03 1.015e+00  2 2.503e-02 2.503e-05  1  0   0  0   0   1         0
5519.558 5.520  0   0  4 4.641e+03 4.641e+00  4 3.478e+04 3.478e+01  1  0   0  0   0   1         0
5513.778 5.514  0   0  2 4.743e+02 4.743e-01  2 8.394e+02 8.394e-01  1  0   0  0   0   1         0
5610.893 5.611  0   0  2 3.178e+02 3.178e-01  2 2.842e+04 2.842e+01  1  0   0  0   0   1         0
5605.058 5.605  0   0  2 3.129e+01 3.129e-02  2 1.540e+03 1.540e+00  1  0   0  0   0   1         0
5610.533 5.611  0   0  1 1.600e+04 1.600e+01  0 2.189e+02 2.189e-01  1  0   0  0   0   1         0
5655.876 5.656  0   0  3 1.524e+02 1.524e-01  0 1.606e+04 1.606e+01  1  0   0  0   0   1         0
5726.557 5.727  0   0  6 1.999e+01 1.999e-02  6 2.305e+03 2.305e+00  1  0   0  0   0   1         0
5779.081 5.779  0   0  5 2.547e+03 2.547e+00  0 3.471e+03 3.471e+00  1  0   0  0   0   1         0
5790.460 5.790  0   0  0 1.056e+03 1.056e+00  0 2.343e+02 2.343e-01  1  0   0  0   0   1         0
5758.657 5.759  0   0  3 1.318e+03 1.318e+00  0 4.090e+03 4.090e+00  1  0   0  0   0   1         0
5846.401 5.846  0   0  1 2.084e+03 2.084e+00  0 4.685e+03 4.685e+00  1  0   0  0   0   1         0
5846.697 5.847  0   0  2 1.054e+03 1.054e+00  2 3.148e+03 3.148e+00  1  0   0  0   0   1         0
5819.800 5.820  0   0  0 6.483e+03 6.483e+00  0 1.011e+03 1.011e+00  1  0   0  0   0   1         0
5937.937 5.938  0   0  1 1.087e+04 1.087e+01  0 8.128e+03 8.128e+00  1  0   0  0   0   1         0
5952.671 5.953  0   0  2 2.128e+04 2.128e+01  2 4.686e-01 4.686e-04  1  0   0  0   0   1         0
5997.319 5.997  0   0  3 7.120e+03 7.120e+00  0 5.413e+03 5.413e+00  1  0   0  0   0   1         0
6000.272 6.000  0   0  2 3.325e+03 3.325e+00  2 5.665e+02 5.665e-01  1  0   0  0   0   1         0
6039.274 6.039  0   0  2 2.964e+03 2.964e+00  2 7.731e+02 7.731e-01  1  0   0  0   0   1         0
6016.460 6.016  0   0  4 1.436e+03 1.436e+00  4 2.137e+04 2.137e+01  1  0   0  0   0   1         0
6043.901 6.044  0   0  2 1.850e+03 1.850e+00  2 3.831e+03 3.831e+00  1  0   0  0   0   1         0
6089.680 6.090  0   0  1 9.455e+02 9.455e-01  0 1.262e+01 1.262e-02  1  0   0  0   0   1         0
6091.838 6.092  0   0  2 5.598e+03 5.598e+00  2 1.092e+04 1.092e+01  1  0   0  0   0   1         0
6130.852 6.131  0   0  2 4.706e+02 4.706e-01  2 7.803e+02 7.803e-01  1  0   0  0   0   1         0
6101.991 6.102  0   0  0 2.706e+04 2.706e+01  0 2.114e+04 2.114e+01  1  0   0  0   0   1         0
6122.998 6.123  0   0  0 4.747e+03 4.747e+00  0 9.461e+03 9.461e+00  1  0   0  0   0   1         0
6171.466 6.171  0   0  5 1.672e+01 1.672e-02  0 2.000e+03 2.000e+00  1  0   0  0   0   1         0
6151.783 6.152  0   0  0 2.388e+04 2.388e+01  0 3.033e+02 3.033e-01  1  0   0  0   0   1         0
6176.640 6.177  0   0  4 2.485e+02 2.485e-01  4 4.246e+04 4.246e+01  1  0   0  0   0   1         0
6199.675 6.200  0   0  2 3.673e+02 3.673e-01  2 2.972e+04 2.972e+01  1  0   0  0   0   1         0
6241.449 6.241  0   0  4 2.587e+04 2.587e+01  4 1.973e+04 1.973e+01  1  0   0  0   0   1         0
6248.786 6.249  0   0  2 1.730e+04 1.730e+01  2 1.281e+04 1.281e+01  1  0   0  0   0   1         0
6272.728 6.273  0   0  2 1.339e+03 1.339e+00  2 1.769e+02 1.769e-01  1  0   0  0   0   1         0
6338.929 6.339  0   0  1 2.728e+03 2.728e+00  0 5.299e+01 5.299e-02  1  0   0  0   0   1         0
6322.211 6.322  0   0  0 3.900e+02 3.900e-01  0 4.130e+04 4.130e+01  1  0   0  0   0   1         0
6346.510 6.347  0   0  3 4.175e+02 4.175e-01  0 8.838e+03 8.838e+00  1  0   0  0   0   1         0
6330.522 6.331  0   0  5 1.240e+03 1.240e+00  0 1.121e+03 1.121e+00  1  0   0  0   0   1         0
6301.746 6.302  0   0  5 1.466e+03 1.466e+00  0 6.458e+03 6.458e+00  1  0   0  0   0   1         0
6307.827 6.308  0   0  1 4.778e+03 4.778e+00  0 1.382e+04 1.382e+01  1  0   0  0   0   1         0
6396.811 6.397  0   0  2 2.769e+03 2.769e+00  2 4.188e+03 4.188e+00  1  0   0  0   0   1         0
6359.337 6.359  0   0  2 3.723e+03 3.723e+00  2 3.648e+04 3.648e+01  1  0   0  0   0   1         0
6355.329 6.355  0   0  0 1.060e+04 1.060e+01  0 1.837e+04 1.837e+01  1  0   0  0   0   1         0
6431.807 6.432  0   0  3 5.172e+03 5.172e+00  0 3.022e+03 3.022e+00  1  0   0  0   0   1         0
6442.763 6.443  0   0  4 2.621e+03 2.621e+00  4 1.539e+04 1.539e+01  1  0   0  0   0   1         0
6431.463 6.431  0   0  1 4.279e+03 4.279e+00  0 3.592e+04 3.592e+01  1  0   0  0   0   1         0
6417.296 6.417  0   0  0 4.003e+02 4.003e-01  0 6.177e+03 6.177e+00  1  0   0  0   0   1         0
6487.955 6.488  0   0  2 2.226e+02 2.226e-01  2 2.088e+03 2.088e+00  1  0   0  0   0   1         0
6485.326 6.485  0   0  3 5.977e+03 5.977e+00  0 5.084e+03 5.084e+00  1  0   0  0   0   1         0
6458.702 6.459  0   0  4 1.019e+04 1.019e+01  4 2.251e+04 2.251e+01  1  0   0  0   0   1         0
6467.794 6.468  0   0  2 3.186e+02 3.186e-01  2 3.376e+03 3.376e+00  1  0   0  0   0   1         0
6537.514 6.538  0   0  2 7.624e+02 7.624e-01  2 4.230e+03 4.230e+00  1  0   0  0   0   1         0
6568.369 6.568  0   0  4 2.253e+04 2.253e+01  4 9.814e+03 9.814e+00  1  0   0  0   0   1         0
6561.727 6.562  0   0  7 4.050e+03 4.050e+00  0 4.002e+04 4.002e+01  1  0   0  0   0   1         0
6672.942 6.673  0   0  0 2.559e+00 2.559e-03  0 5.367e+03 5.367e+00  1  0   0  0   0   1         0
6728.303 6.728  0   0  4 1.209e+02 1.209e-01  4 1.945e+04 1.945e+01  1  0   0  0   0   1         0
6727.502 6.728  0   0  7 1.438e+04 1.438e+01  0 2.170e+03 2.170e+00  1  0   0  0   0   1         0
6763.319 6.763  0   0  5 1.217e+03 1.217e+00  0 1.928e+03 1.928e+00  1  0   0  0   0   1         0
6780.211 6.780  0   0  1 3.440e+01 3.440e-02  0 3.565e+03 3.565e+00  1  0   0  0   0   1         0
6833.970 6.834  0   0  1 3.154e+02 3.154e-01  0 1.539e+03 1.539e+00  1  0   0  0   0   1         0
6956.947 6.957  0   0  3 1.016e+04 1.016e+01  0 1.676e+03 1.676e+00  1  0   0  0   0   1         0
7013.594 7.014  0   0  2 8.316e+03 8.316e+00  2 3.144e+03 3.144e+00  1  0   0  0   0   1         0
7021.950 7.022  0   0  2 1.899e-01 1.899e-04  2 9.503e+02 9.503e-01  1  0   0  0   0   1         0
7022.079 7.022  0   0  4 8.122e+01 8.122e-02  4 1.553e+04 1.553e+01  1  0   0  0   0   1         0
7059.709 7.060  0   0  3 1.338e+04 1.338e+01  0 1.202e+04 1.202e+01  1  0   0  0   0   1         0
7060.049 7.060  0   0  2 1.667e+03 1.667e+00  2 1.609e+04 1.609e+01  1  0   0  0   0   1         0
7070.919 7.071  0   0  3 4.121e+02 4.121e-01  0 1.976e+04 1.976e+01  1  0   0  0   0   1         0
7140.385 7.140  0   0  2 7.698e+02 7.698e-01  2 4.005e+02 4.005e-01  1  0   0  0   0   1         0
7170.466 7.170  0   0  5 2.687e+02 2.687e-01  0 1.848e+04 1.848e+01  1  0   0  0   0   1         0
7161.501 7.162  0   0  6 1.252e+04 1.252e+01  6 1.138e+03 1.138e+00  1  0   0  0   0   1         0
7293.522 7.294  0   0  3 7.699e+03 7.699e+00  0 1.829e+04 1.829e+01  1  0   0  0   0   1         0
7265.578 7.266  0   0  4 1.994e+03 1.994e+00  4 6.129e+03 6.129e+00  1  0   0  0   0   1         0
7341.210 7.341  0   0  4 8.488e+02 8.488e-01  4 1.248e+03 1.248e+00  1  0   0  0   0   1         0
7375.567 7.376  0   0  4 9.175e+03 9.175e+00  4 4.324e+04 4.324e+01  1  0   0  0   0   1         0
7379.426 7.379  0   0  2 4.487e+03 4.487e+00  2 3.735e+03 3.735e+00  1  0   0  0   0   1         0
7370.047 7.370  0   0  2 8.832e+03 8.832e+00  2 1.994e+03 1.994e+00  1  0   0  0   0   1         0
7389.545 7.390  0   0  2 3.933e+03 3.933e+00  2 2.368e+04 2.368e+01  1  0   0  0   0   1         0
7395.752 7.396  0   0  2 6.164e+03 6.164e+00  2 2.664e+03 2.664e+00  1  0   0  0   0   1         0
7362.564 7.363  0   0  0 1.610e+03 1.610e+00  0 5.686e+01 5.686e-02  1  0   0  0   0   1         0
7387.059 7.387  0   0  2 1.380e+04 1.380e+01  2 3.366e+04 3.366e+01  1  0   0  0   0   1         0
7426.852 7.427  0   0  2 7.569e+00 7.569e-03  2 1.310e+04 1.310e+01  1  0   0  0   0   1         0
7439.160 7.439  0   0  4 2.906e+03 2.906e+00  4 4.439e+03 4.439e+00  1  0   0  0   0   1         0
7412.502 7.413  0   0  2 1.596e+04 1.596e+01  2 2.684e+03 2.684e+00  1  0   0  0   0   1         0
7457.188 7.457  0   0  2 2.930e+02 2.930e-01  2 1.779e+02 1.779e-01  1  0   0  0   0   1         0
7498.646 7.499  0   0  0 1.800e+02 1.800e-01  0 7.580e+03 7.580e+00  1  0   0  0   0   1         0
7495.240 7.495  0   0  4 1.531e+04 1.531e+01  4 6.000e+03 6.000e+00  1  0   0  0   0   1         0
7496.173 7.496  0   0  3 1.227e+03 1.227e+00  0 6.327e+02 6.327e-01  1  0   0  0   0   1         0
7513.241 7.513  0   0  5 1.117e+03 1.117e+00  0 2.774e+04 2.774e+01  1  0   0  0   0   1         0
7507.816 7.508  0   0  4 9.697e+02 9.697e-01  4 1.194e+04 1.194e+01  1  0   0  0   0   1         0
7512.516 7.513  0   0  2 3.376e+03 3.376e+00  2 6.826e+03 6.826e+00  1  0   0  0   0   1         0
7580.757 7.581  0   0  4 5.237e+03 5.237e+00  4 1.205e+02 1.205e-01  1  0   0  0   0   1         0
7581.414 7.581  0   0  3 7.702e+01 7.702e-02  0 4.271e+03 4.271e+00  1  0   0  0   0   1         0
7556.874 7.557  0   0  2 1.105e+04 1.105e+01  2 1.654e+04 1.654e+01  1  0   0  0   0   1         0
7625.204 7.625  0   0  4 5.288e+01 5.288e-02  4 5.094e+03 5.094e+00  1  0   0  0   0   1         0
7631.215 7.631  0   0  3 2.247e+03 2.247e+00  0 1.034e+03 1.034e+00  1  0   0  0   0   1         0
7646.462 7.646  0   0  0 1.911e+03 1.911e+00  0 1.457e+04 1.457e+01  1  0   0  0   0   1         0
7624.835 7.625  0   0  3 2.438e+02 2.438e-01  0 6.153e+02 6.153e-01  1  0   0  0   0   1         0
7626.676 7.627  0   0  2 4.550e+03 4.550e+00  2 1.648e+04 1.648e+01  1  0   0  0   0   1         0
7630.333 7.630  0   0  6 2.563e+03 2.563e+00  6 2.663e+04 2.663e+01  1  0   0  0   0   1         0
7662.700 7.663  0   0  6 2.319e+04 2.319e+01  6 6.156e+03 6.156e+00  1  0   0  0   0   1         0
7663.327 7.663  0   0  2 1.982e+03 1.982e+00  2 2.000e+04 2.000e+01  1  0   0  0   0   1         0
7679.350 7.679  0   0  2 3.095e+03 3.095e+00  2 5.613e+03 5.613e+00  1  0   0  0   0   1         0
7699.682 7.700  0   0  3 7.313e+03 7.313e+00  0 2.402e+03 2.402e+00  1  0   0  0   0   1         0
7699.523 7.700  0   0  1 1.248e+04 1.248e+01  0 1.141e+03 1.141e+00  1  0   0  0   0   1         0
7676.573 7.677  0   0  3 4.585e+00 4.585e-03  0 6.882e+02 6.882e-01  1  0   0  0   0   1         0
7682.167 7.682  0   0  2 4.321e+01 4.321e-02  2 2.648e+04 2.648e+01  1  0   0  0   0   1         0
7730.544 7.731  0   0  5 3.268e+02 3.268e-01  0 6.696e+03 6.696e+00  1  0   0  0   0   1         0
7722.459 7.722  0   0  2 4.917e+03 4.917e+00  2 8.196e+03 8.196e+00  1  0   0  0   0   1         0
7722.367 7.722  0   0  3 9.236e+02 9.236e-01  0 2.841e+03 2.841e+00  1  0   0  0   0   1         0
7703.651 7.704  0   0  0 1.271e+03 1.271e+00  0 7.467e+00 7.467e-03  1  0   0  0   0   1         0
7782.400 7.782  0   0  5 6.158e+03 6.158e+00  0 4.956e+03 4.956e+00  1  0   0  0   0   1         0
7780.727 7.781  0   0  2 1.855e+01 1.855e-02  2 4.545e+03 4.545e+00  1  0   0  0   0   1         0
7788.982 7.789  0   0  1 1.073e+04 1.073e+01  0 8.905e+02 8.905e-01  1  0   0  0   0   1         0
7800.908 7.801  0   0  3 6.257e+01 6.257e-02  0 8.695e+03 8.695e+00  1  0   0  0   0   1         0
7846.306 7.846  0   0  3 3.417e+03 3.417e+00  0 1.501e+04 1.501e+01  1  0   0  0   0   1         0
7847.634 7.848  0   0  5 1.236e+04 1.236e+01  0 5.712e+03 5.712e+00  1  0   0  0   0   1         0
7800.613 7.801  0   0  7 6.786e+03 6.786e+00  0 6.712e+02 6.712e-01  1  0   0  0   0   1         0
7838.302 7.838  0   0  3 4.746e+02 4.746e-01  0 3.142e+03 3.142e+00  1  0   0  0   0   1         0
7848.534 7.849  0   0  2 4.137e+03 4.137e+00  2 1.461e+03 1.461e+00  1  0   0  0   0   1         0
7845.366 7.845  0   0  7 2.323e+02 2.323e-01  0 1.120e+04 1.120e+01  1  0   0  0   0   1         0
7848.559 7.849  0   0  0 2.314e+03 2.314e+00  0 1.786e+03 1.786e+00  1  0   0  0   0   1         0
7892.390 7.892  0   0  1 1.563e+04 1.563e+01  0 4.407e+02 4.407e-01  1  0   0  0   0   1         0
7876.207 7.876  0   0  4 2.299e+01 2.299e-02  4 4.292e+02 4.292e-01  1  0   0  0   0   1         0
7892.243 7.892  0   0  3 1.052e+01 1.052e-02  0 3.068e+03 3.068e+00  1  0   0  0   0   1         0
7872.522 7.873  0   0  1 1.944e+00 1.944e-03  0 2.129e+04 2.129e+01  1  0   0  0   0   1         0
7897.685 7.898  0   0  3 2.721e+03 2.721e+00  0 1.847e+04 1.847e+01  1  0   0  0   0   1         0
7882.724 7.883  0   0  0 3.853e+03 3.853e+00  0 1.782e+03 1.782e+00  1  0   0  0   0   1         0
7931.801 7.932  0   0  3 2.206e+02 2.206e-01  0 4.498e+03 4.498e+00  1  0   0  0   0   1         0
7946.509 7.947  0   0  2 2.358e+03 2.358e+00  2 4.953e+03 4.953e+00  1  0   0  0   0   1         0
7949.065 7.949  0   0  0 2.603e+03 2.603e+00  0 3.942e+03 3.942e+00  1  0   0  0   0   1         0
7902.150 7.902  0   0  3 2.608e+03 2.608e+00  0 2.758e+04 2.758e+01  1  0   0  0   0   1         0
7922.443 7.922  0   0  3 9.306e+02 9.306e-01  0 3.372e+03 3.372e+00  1  0   0  0   0   1         0
7984.168 7.984  0   0  3 6.299e+03 6.299e+00  0 2.867e+03 2.867e+00  1  0   0  0   0   1         0
7959.181 7.959  0   0  3 4.684e+02 4.684e-01  0 1.249e+03 1.249e+00  1  0   0  0   0   1         0
7983.908 7.984  0   0  1 9.755e+03 9.755e+00  0 8.438e+03 8.438e+00  1  0   0  0   0   1         0
7963.323 7.963  0   0  4 2.717e+02 2.717e-01  4 6.273e+03 6.273e+00  1  0   0  0   0   1         0
7967.937 7.968  0   0  4 2.044e+00 2.044e-03  4 1.538e+03 1.538e+00  1  0   0  0   0   1         0
8005.468 8.005  0   0  1 1.469e+03 1.469e+00  0 2.524e+03 2.524e+00  1  0   0  0   0   1         0
8012.117 8.012  0   0  0 6.508e+00 6.508e-03  0 1.625e+04 1.625e+01  1  0   0  0   0   1         0
8013.809 8.014  0   0  3 1.014e+03 1.014e+00  0 1.689e+04 1.689e+01  1  0   0  0   0   1         0
8001.659 8.002  0   0  6 1.933e+03 1.933e+00  6 2.086e+04 2.086e+01  1  0   0  0   0   1         0
8014.082 8.014  0   0  6 9.118e+01 9.118e-02  6 1.038e+04 1.038e+01  1  0   0  0   0   1         0
8088.607 8.089  0   0  3 7.206e+02 7.206e-01  0 3.969e+03 3.969e+00  1  0   0  0   0   1         0
8090.049 8.090  0   0  2 1.664e+04 1.664e+01  2 2.360e+03 2.360e+00  1  0   0  0   0   1         0
8080.253 8.080  0   0  3 6.786e+02 6.786e-01  0 5.062e+02 5.062e-01  1  0   0  0   0   1         0
8092.911 8.093  0   0  3 1.751e+03 1.751e+00  0 1.448e+03 1.448e+00  1  0   0  0   0   1         0
8054.944 8.055  0   0  5 3.575e+04 3.575e+01  0 4.436e+02 4.436e-01  1  0   0  0   0   1         0
8063.907 8.064  0   0  1 1.037e+04 1.037e+01  0 1.525e+03 1.525e+00  1  0   0  0   0   1         0
8070.844 8.071  0   0  1 3.309e+03 3.309e+00  0 7.607e+01 7.607e-02  1  0   0  0   0   1         0
8052.145 8.052  0   0  5 4.671e+01 4.671e-02  0 1.468e+03 1.468e+00  1  0   0  0   0   1         0
8105.991 8.106  0   0  3 2.502e+02 2.502e-01  0 3.076e+04 3.076e+01  1  0   0  0   0   1         0
8146.884 8.147  0   0  6 7.890e+01 7.890e-02  6 4.814e+04 4.814e+01  1  0   0  0   0   1         0
8144.787 8.145  0   0  2 1.292e+03 1.292e+00  2 3.804e+03 3.804e+00  1  0   0  0   0   1         0
8109.381 8.109  0   0  6 6.573e+02 6.573e-01  6 9.906e+01 9.906e-02  1  0   0  0   0   1         0
8116.282 8.116  0   0  4 1.177e+03 1.177e+00  4 1.942e+02 1.942e-01  1  0   0  0   0   1         0
8129.513 8.130  0   0  5 1.471e+04 1.471e+01  0 2.251e+03 2.251e+00  1  0   0  0   0   1         0
8136.012 8.136  0   0  3 9.028e+02 9.028e-01  0 2.989e+03 2.989e+00  1  0   0  0   0   1         0
8169.422 8.169  0   0  4 1.543e+03 1.543e+00  4 6.290e+03 6.290e+00  1  0   0  0   0   1         0
8159.932 8.160  0   0  3 3.641e+03 3.641e+00  0 5.996e+03 5.996e+00  1  0   0  0   0   1         0
8163.198 8.163  0   0  5 3.532e+01 3.532e-02  0 1.244e+04 1.244e+01  1  0   0  0   0   1         0
8223.048 8.223  0   0  6 4.317e+03 4.317e+00  6 1.609e+04 1.609e+01  1  0   0  0   0   1         0
8204.683 8.205  0   0  6 1.360e+01 1.360e-02  6 1.027e+03 1.027e+00  1  0   0  0   0   1         0
8228.228 8.228  0   0  4 1.809e+03 1.809e+00  4 2.525e+03 2.525e+00  1  0   0  0   0   1         0
8206.386 8.206  0   0  1 8.972e+01 8.972e-02  0 1.685e+04 1.685e+01  1  0   0  0   0   1         0
8237.673 8.238  0   0  2 3.865e+04 3.865e+01  2 8.577e+03 8.577e+00  1  0   0  0   0   1         0
8225.514 8.226  0   0  2 1.600e+01 1.600e-02  2 4.095e+01 4.095e-02  1  0   0  0   0   1         0
8236.275 8.236  0   0  4 2.756e+04 2.756e+01  4 4.886e+03 4.886e+00  1  0   0  0   0   1         0
8271.932 8.272  0   0  2 3.345e+02 3.345e-01  2 1.684e+04 1.684e+01  1  0   0  0   0   1         0
8266.344 8.266  0   0  6 1.088e+01 1.088e-02  6 1.516e+03 1.516e+00  1  0   0  0   0   1         0
8276.213 8.276  0   0  3 2.541e+03 2.541e+00  0 3.118e+03 3.118e+00  1  0   0  0   0   1         0
8271.683 8.272  0   0  1 1.880e+03 1.880e+00  0 2.990e+04 2.990e+01  1  0   0  0   0   1         0
8280.031 8.280  0   0  3 4.897e+01 4.897e-02  0 1.050e+02 1.050e-01  1  0   0  0   0   1         0
8294.952 8.295  0   0  2 6.501e+03 6.501e+00  2 2.883e+04 2.883e+01  1  0   0  0   0   1         0
8299.753 8.300  0   0  0 5.781e+00 5.781e-03  0 2.727e+04 2.727e+01  1  0   0  0   0   1         0
8253.974 8.254  0   0  3 1.861e+03 1.861e+00  0 5.250e+03 5.250e+00  1  0   0  0   0   1         0
8349.460 8.349  0   0  0 2.337e+03 2.337e+00  0 1.078e+04 1.078e+01  1  0   0  0   0   1         0
8307.570 8.308  0   0  2 1.795e+03 1.795e+00  2 5.983e+03 5.983e+00  1  0   0  0   0   1         0
8341.605 8.342  0   0  2 9.560e+02 9.560e-01  2 2.927e+03 2.927e+00  1  0   0  0   0   1         0
8393.659 8.394  0   0  2 2.287e+01 2.287e-02  2 1.560e+04 1.560e+01  1  0   0  0   0   1         0
8380.223 8.380  0   0  3 7.557e+03 7.557e+00  0 2.626e+00 2.626e-03  1  0   0  0   0   1         0
8356.746 8.357  0   0  7 6.799e+02 6.799e-01  0 3.373e+02 3.373e-01  1  0   0  0   0   1         0
8384.796 8.385  0   0  3 9.036e+03 9.036e+00  0 3.536e+04 3.536e+01  1  0   0  0   0   1         0
8392.446 8.392  0   0  2 3.204e+03 3.204e+00  2 2.389e+03 2.389e+00  1  0   0  0   0   1         0
8434.198 8.434  0   0  1 5.740e+02 5.740e-01  0 9.971e+01 9.971e-02  1  0   0  0   0   1         0
8448.741 8.449  0   0  1 4.015e+02 4.015e-01  0 2.064e+02 2.064e-01  1  0   0  0   0   1         0
8420.962 8.421  0   0  4 4.824e+01 4.824e-02  4 9.359e+03 9.359e+00  1  0   0  0   0   1         0
8426.991 8.427  0   0  5 6.344e+03 6.344e+00  0 2.284e+03 2.284e+00  1  0   0  0   0   1         0
8424.476 8.424  0   0  6 3.641e+03 3.641e+00  6 4.197e+03 4.197e+00  1  0   0  0   0   1         0
8499.884 8.500  0   0  2 3.575e+03 3.575e+00  2 1.043e+04 1.043e+01  1  0   0  0   0   1         0
8458.083 8.458  0   0  4 8.943e+03 8.943e+00  4 6.381e+03 6.381e+00  1  0   0  0   0   1         0
8460.197 8.460  0   0  0 7.644e+02 7.644e-01  0 3.085e+04 3.085e+01  1  0   0  0   0   1         0
8477.089 8.477  0   0  0 3.713e+03 3.713e+00  0 1.461e+04 1.461e+01  1  0   0  0   0   1         0
8474.186 8.474  0   0  3 3.699e+03 3.699e+00  0 4.374e+03 4.374e+00  1  0   0  0   0   1         0
8478.694 8.479  0   0  4 2.772e+03 2.772e+00  4 5.575e+01 5.575e-02  1  0   0  0   0   1         0
8452.476 8.452  0   0  1 1.428e+03 1.428e+00  0 5.606e+03 5.606e+00  1  0   0  0   0   1         0
8505.331 8.505  0   0  3 2.659e+01 2.659e-02  0 3.318e+04 3.318e+01  1  0   0  0   0   1         0
8517.019 8.517  0   0  3 4.593e+02 4.593e-01  0 1.164e+04 1.164e+01  1  0   0  0   0   1         0
8540.856 8.541  0   0  5 2.503e+04 2.503e+01  0 6.252e+03 6.252e+00  1  0   0  0   0   1         0
8519.277 8.519  0   0  3 1.805e+03 1.805e+00  0 2.056e+02 2.056e-01  1  0   0  0   0   1         0
8538.706 8.539  0   0  5 2.179e+02 2.179e-01  0 6.672e+03 6.672e+00  1  0   0  0   0   1         0
8540.208 8.540  0   0  1 3.301e+03 3.301e+00  0 9.149e+03 9.149e+00  1  0   0  0   0   1         0
8505.587 8.506  0   0  1 1.942e+04 1.942e+01  0 2.361e+04 2.361e+01  1  0   0  0   0   1         0
8581.114 8.581  0   0  3 8.555e+03 8.555e+00  0 3.376e+00 3.376e-03  1  0   0  0   0   1         0
8582.065 8.582  0   0  3 1.956e+03 1.956e+00  0 1.371e+03 1.371e+00  1  0   0  0   0   1         0
8584.621 8.585  0   0  2 1.047e+03 1.047e+00  2 6.531e+03 6.531e+00  1  0   0  0   0   1         0
8550.831 8.551  0   0  4 7.053e+02 7.053e-01  4 2.110e+01 2.110e-02  1  0   0  0   0   1         0
8597.923 8.598  0   0  4 7.230e+03 7.230e+00  4 8.349e+03 8.349e+00  1  0   0  0   0   1         0
8602.080 8.602  0   0  4 1.087e+04 1.087e+01  4 8.916e+03 8.916e+00  1  0   0  0   0   1         0
8605.038 8.605  0   0  5 1.532e+02 1.532e-01  0 1.487e+01 1.487e-02  1  0   0  0   0   1         0
8632.850 8.633  0   0  0 2.031e+03 2.031e+00  0 6.052e+02 6.052e-01  1  0   0  0   0   1         0
8649.780 8.650  0   0  2 7.991e+03 7.991e+00  2 1.022e+04 1.022e+01  1  0   0  0   0   1         0
8600.797 8.601  0   0  2 1.940e+04 1.940e+01  2 3.636e+03 3.636e+00  1  0   0  0   0   1         0
8627.989 8.628  0   0  6 1.732e+03 1.732e+00  6 4.582e+03 4.582e+00  1  0   0  0   0   1         0
8651.593 8.652  0   0  2 2.503e+03 2.503e+00  2 2.853e+04 2.853e+01  1  0   0  0   0   1         0
8657.262 8.657  0   0  5 1.483e+04 1.483e+01  0 1.145e+03 1.145e+00  1  0   0  0   0   1         0
8680.814 8.681  0   0  3 1.829e+03 1.829e+00  0 2.578e+03 2.578e+00  1  0   0  0   0   1         0
8661.706 8.662  0   0  2 6.960e+01 6.960e-02  2 3.416e+04 3.416e+01  1  0   0  0   0   1         0
8683.400 8.683  0   0  3 1.882e+03 1.882e+00  0 9.620e+02 9.620e-01  1  0   0  0   0   1         0
8667.661 8.668  0   0  1 6.295e+03 6.295e+00  0 7.417e+03 7.417e+00  1  0   0  0   0   1         0
8694.376 8.694  0   0  2 1.526e+04 1.526e+01  2 2.003e+04 2.003e+01  1  0   0  0   0   1         0
8691.027 8.691  0   0  5 1.013e+04 1.013e+01  0 4.505e+03 4.505e+00  1  0   0  0   0   1         0
8674.751 8.675  0   0  2 3.330e+03 3.330e+00  2 1.120e+03 1.120e+00  1  0   0  0   0   1         0
8688.721 8.689  0   0  2 1.591e+03 1.591e+00  2 5.309e+03 5.309e+00  1  0   0  0   0   1         0
8744.798 8.745  0   0  2 1.628e+03 1.628e+00  2 7.635e+03 7.635e+00  1  0   0  0   0   1         0
8703.534 8.704  0   0  3 1.034e+04 1.034e+01  0 2.560e+03 2.560e+00  1  0   0  0   0   1         0
8728.846 8.729  0   0  5 2.413e+02 2.413e-01  0 1.788e+03 1.788e+00  1  0   0  0   0   1         0
8723.471 8.723  0   0  2 5.162e+03 5.162e+00  2 5.742e+03 5.742e+00  1  0   0  0   0   1         0
8730.816 8.731  0   0  2 1.466e+04 1.466e+01  2 3.124e+04 3.124e+01  1  0   0  0   0   1         0
8791.045 8.791  0   0  4 2.248e+03 2.248e+00  4 1.161e+03 1.161e+00  1  0   0  0   0   1         0
8751.621 8.752  0   0  3 6.386e+02 6.386e-01  0 2.847e+04 2.847e+01  1  0   0  0   0   1         0
8769.766 8.770  0   0  3 3.212e+03 3.212e+00  0 2.097e+04 2.097e+01  1  0   0  0   0   1         0
8793.584 8.794  0   0  2 2.889e+02 2.889e-01  2 1.864e+04 1.864e+01  1  0   0  0   0   1         0
8784.528 8.785  0   0  2 9.144e+02 9.144e-01  2 2.452e+03 2.452e+00  1  0   0  0   0   1         0
8776.742 8.777  0   0  3 3.375e+02 3.375e-01  0 1.291e+04 1.291e+01  1  0   0  0   0   1         0
8769.494 8.769  0   0  0 1.203e+04 1.203e+01  0 1.690e+04 1.690e+01  1  0   0  0   0   1         0
8790.679 8.791  0   0  4 4.359e+02 4.359e-01  4 1.115e+03 1.115e+00  1  0   0  0   0   1         0
8841.925 8.842  0   0  4 5.224e+03 5.224e+00  4 1.023e+04 1.023e+01  1  0   0  0   0   1         0
8804.070 8.804  0   0  1 2.629e+04 2.629e+01  0 1.126e+04 1.126e+01  1  0   0  0   0   1         0
8844.147 8.844  0   0  7 2.681e+02 2.681e-01  0 3.407e+04 3.407e+01  1  0   0  0   0   1         0
8839.943 8.840  0   0  4 1.289e+03 1.289e+00  4 4.016e+02 4.016e-01  1  0   0  0   0   1         0
8843.531 8.844  0   0  1 4.478e+03 4.478e+00  0 1.031e+03 1.031e+00  1  0   0  0   0   1         0
8884.430 8.884  0   0  8 3.767e+03 3.767e+00  8 1.316e+03 1.316e+00  1  0   0  0   0   1         0
8877.060 8.877  0   0  4 3.461e+02 3.461e-01  4 4.441e+01 4.441e-02  1  0   0  0   0   1         0
8896.773 8.897  0   0  0 3.240e+03 3.240e+00  0 8.106e+03 8.106e+00  1  0   0  0   0   1         0
8869.368 8.869  0   0  5 8.486e+02 8.486e-01  0 6.418e+01 6.418e-02  1  0   0  0   0   1         0
8891.849 8.892  0   0  6 6.976e+03 6.976e+00  6 1.063e+03 1.063e+00  1  0   0  0   0   1         0
8853.786 8.854  0   0  4 5.047e+02 5.047e-01  4 4.705e+03 4.705e+00  1  0   0  0   0   1         0
8887.070 8.887  0   0  4 4.580e+03 4.580e+00  4 1.607e+03 1.607e+00  1  0   0  0   0   1         0
8899.427 8.899  0   0  0 8.794e+03 8.794e+00  0 9.634e+02 9.634e-01  1  0   0  0   0   1         0
8892.383 8.892  0   0  1 4.223e+01 4.223e-02  0 3.113e+03 3.113e+00  1  0   0  0   0   1         0
8879.083 8.879  0   0  2 1.019e+04 1.019e+01  2 1.636e+04 1.636e+01  1  0   0  0   0   1         0
8881.434 8.881  0   0  3 1.909e+03 1.909e+00  0 4.605e+03 4.605e+00  1  0   0  0   0   1         0
8867.758 8.868  0   0  3 1.034e+03 1.034e+00  0 3.700e+03 3.700e+00  1  0   0  0   0   1         0
8884.063 8.884  0   0  5 1.344e+01 1.344e-02  0 1.368e+03 1.368e+00  1  0   0  0   0   1         0
8888.592 8.889  0   0  1 7.723e+02 7.723e-01  0 5.755e+02 5.755e-01  1  0   0  0   0   1         0
8927.583 8.928  0   0  1 2.200e+02 2.200e-01  0 8.833e+03 8.833e+00  1  0   0  0   0   1         0
8916.543 8.917  0   0  7 8.012e+01 8.012e-02  0 9.033e+03 9.033e+00  1  0   0  0   0   1         0
8927.519 8.928  0   0  2 2.280e+04 2.280e+01  2 1.006e+04 1.006e+01  1  0   0  0   0   1         0
8911.161 8.911  0   0  0 2.108e+04 2.108e+01  0 1.278e+04 1.278e+01  1  0   0  0   0   1         0
8901.221 8.901  0   0  3 5.209e+03 5.209e+00  0 5.276e+02 5.276e-01  1  0   0  0   0   1         0
8947.090 8.947  0   0  5 1.217e+01 1.217e-02  0 5.697e+02 5.697e-01  1  0   0  0   0   1         0
8905.454 8.905  0   0  0 3.675e+03 3.675e+00  0 7.828e+03 7.828e+00  1  0   0  0   0   1         0
8984.947 8.985  0   0  3 2.280e+03 2.280e+00  0 1.620e+02 1.620e-01  1  0   0  0   0   1         0
8979.810 8.980  0   0  0 1.018e+04 1.018e+01  0 2.312e+03 2.312e+00  1  0   0  0   0   1         0
8960.447 8.960  0   0  6 1.461e+04 1.461e+01  6 1.791e+04 1.791e+01  1  0   0  0   0   1         0
8978.254 8.978  0   0  5 2.751e+03 2.751e+00  0 1.350e+03 1.350e+00  1  0   0  0   0   1         0
8994.136 8.994  0   0  4 3.711e+03 3.711e+00  4 6.522e+03 6.522e+00  1  0   0  0   0   1         0
9014.211 9.014  0   0  4 6.281e+03 6.281e+00  4 8.687e+03 8.687e+00  1  0   0  0   0   1         0
9028.737 9.029  0   0  1 3.931e+03 3.931e+00  0 1.279e+03 1.279e+00  1  0   0  0   0   1         0
9009.194 9.009  0   0  3 2.634e+02 2.634e-01  0 1.924e+04 1.924e+01  1  0   0  0   0   1         0
9023.503 9.024  0   0  2 3.116e+03 3.116e+00  2 4.912e+03 4.912e+00  1  0   0  0   0   1         0
9032.582 9.033  0   0  1 1.102e+04 1.102e+01  0 1.317e+03 1.317e+00  1  0   0  0   0   1         0
9006.430 9.006  0   0  0 8.260e+03 8.260e+00  0 2.694e+02 2.694e-01  1  0   0  0   0   1         0
9046.542 9.047  0   0  4 8.791e+02 8.791e-01  4 1.668e+04 1.668e+01  1  0   0  0   0   1         0
9025.332 9.025  0   0  2 6.082e+03 6.082e+00  2 1.841e+02 1.841e-01  1  0   0  0   0   1         0
9041.004 9.041  0   0  1 1.584e+03 1.584e+00  0 4.940e+03 4.940e+00  1  0   0  0   0   1         0
9032.737 9.033  0   0  2 2.045e+02 2.045e-01  2 2.831e+04 2.831e+01  1  0   0  0   0   1         0
9068.942 9.069  0   0  7 6.006e+03 6.006e+00  0 5.458e-01 5.458e-04  1  0   0  0   0   1         0
9089.526 9.090  0   0  3 1.477e+03 1.477e+00  0 1.689e+04 1.689e+01  1  0   0  0   0   1         0
9053.234 9.053  0   0  4 4.568e+03 4.568e+00  4 1.358e+03 1.358e+00  1  0   0  0   0   1         0
9062.729 9.063  0   0  0 4.683e+03 4.683e+00  0 8.723e+03 8.723e+00  1  0   0  0   0   1         0
9061.538 9.062  0   0  3 2.356e+02 2.356e-01  0 1.600e+03 1.600e+00  1  0   0  0   0   1         0
9122.140 9.122  0   0  0 3.377e+04 3.377e+01  0 1.393e+04 1.393e+01  1  0   0  0   0   1         0
9112.257 9.112  0   0  5 1.167e+03 1.167e+00  0 8.517e+03 8.517e+00  1  0   0  0   0   1         0
9144.159 9.144  0   0  1 1.329e+02 1.329e-01  0 1.829e+04 1.829e+01  1  0   0  0   0   1         0
9118.739 9.119  0   0  2 4.316e+02 4.316e-01  2 6.624e+03 6.624e+00  1  0   0  0   0   1         0
9122.346 9.122  0   0  5 1.986e+04 1.986e+01  0 7.305e+04 7.305e+01  1  0   0  0   0   1         0
9120.529 9.121  0   0  0 7.153e+01 7.153e-02  0 1.459e+03 1.459e+00  1  0   0  0   0   1         0
9109.124 9.109  0   0  6 3.912e+02 3.912e-01  6 1.658e+04 1.658e+01  1  0   0  0   0   1         0
9136.617 9.137  0   0  4 1.126e+03 1.126e+00  4 7.656e+02 7.656e-01  1  0   0  0   0   1         0
9122.468 9.122  0   0  2 6.671e+02 6.671e-01  2 1.039e+04 1.039e+01  1  0   0  0   0   1         0
9181.664 9.182  0   0  2 1.124e+03 1.124e+00  2 7.964e+02 7.964e-01  1  0   0  0   0   1         0
9157.999 9.158  0   0  3 1.701e+02 1.701e-01  0 5.582e+04 5.582e+01  1  0   0  0   0   1         0
9183.706 9.184  0   0  5 9.902e+01 9.902e-02  0 1.379e+04 1.379e+01  1  0   0  0   0   1         0
9163.566 9.164  0   0  5 3.307e+01 3.307e-02  0 2.333e+04 2.333e+01  1  0   0  0   0   1         0
9163.678 9.164  0   0  4 6.158e+03 6.158e+00  4 8.166e+03 8.166e+00  1  0   0  0   0   1         0
9158.134 9.158  0   0  1 3.549e+02 3.549e-01  0 1.083e+02 1.083e-01  1  0   0  0   0   1         0
9245.815 9.246  0   0  4 9.479e+01 9.479e-02  4 1.290e+02 1.290e-01  1  0   0  0   0   1         0
9215.644 9.216  0   0  7 5.175e+03 5.175e+00  0 1.102e+05 1.102e+02  1  0   0  0   0   1         0
9249.115 9.249  0   0  0 1.384e+04 1.384e+01  0 4.182e-01 4.182e-04  1  0   0  0   0   1         0
9248.224 9.248  0   0  6 6.784e+02 6.784e-01  6 1.415e+04 1.415e+01  1  0   0  0   0   1         0
9207.150 9.207  0   0  1 8.516e+02 8.516e-01  0 1.584e+01 1.584e-02  1  0   0  0   0   1         0
9235.783 9.236  0   0  4 4.672e+03 4.672e+00  4 6.846e+03 6.846e+00  1  0   0  0   0   1         0
9230.083 9.230  0   0  1 2.293e+04 2.293e+01  0 4.515e+04 4.515e+01  1  0   0  0   0   1         0
9282.510 9.283  0   0  4 3.682e+03 3.682e+00  4 1.559e+04 1.559e+01  1  0   0  0   0   1         0
9296.424 9.296  0   0  0 8.065e+02 8.065e-01  0 1.652e+03 1.652e+00  1  0   0  0   0   1         0
9270.878 9.271  0   0  4 5.732e+03 5.732e+00  4 2.101e+04 2.101e+01  1  0   0  0   0   1         0
9250.181 9.250  0   0  1 4.676e+03 4.676e+00  0 4.240e+03 4.240e+00  1  0   0  0   0   1         0
9253.139 9.253  0   0  3 1.023e+02 1.023e-01  0 3.859e+02 3.859e-01  1  0   0  0   0   1         0
9255.492 9.255  0   0  2 1.292e+03 1.292e+00  2 3.690e+04 3.690e+01  1  0   0  0   0   1         0
9254.783 9.255  0   0  5 9.215e+02 9.215e-01  0 6.879e+03 6.879e+00  1  0   0  0   0   1         0
9267.626 9.268  0   0  5 1.503e+04 1.503e+01  0 1.612e+03 1.612e+00  1  0   0  0   0   1         0
9285.101 9.285  0   0  0 9.604e+03 9.604e+00  0 2.094e+03 2.094e+00  1  0   0  0   0   1         0
9302.156 9.302  0   0  3 4.552e+03 4.552e+00  0 1.276e+04 1.276e+01  1  0   0  0   0   1         0
9303.979 9.304  0   0  3 2.927e+03 2.927e+00  0 2.434e+02 2.434e-01  1  0   0  0   0   1         0
9334.843 9.335  0   0  0 7.783e+02 7.783e-01  0 7.990e+02 7.990e-01  1  0   0  0   0   1         0
9303.601 9.304  0   0  3 1.924e+03 1.924e+00  0 5.308e+03 5.308e+00  1  0   0  0   0   1         0
9323.898 9.324  0   0  6 7.565e+03 7.565e+00  6 5.494e+04 5.494e+01  1  0   0  0   0   1         0
9316.974 9.317  0   0  2 2.298e+01 2.298e-02  2 1.428e+01 1.428e-02  1  0   0  0   0   1         0
9311.435 9.311  0   0  0 2.329e+04 2.329e+01  0 6.604e+03 6.604e+00  1  0   0  0   0   1         0
9309.466 9.309  0   0  2 4.192e+01 4.192e-02  2 2.276e+02 2.276e-01  1  0   0  0   0   1         0
9338.202 9.338  0   0  2 1.592e+00 1.592e-03  2 1.297e+04 1.297e+01  1  0   0  0   0   1         0
9347.585 9.348  0   0  3 1.221e+04 1.221e+01  0 2.648e+04 2.648e+01  1  0   0  0   0   1         0
9307.030 9.307  0   0  1 2.609e+04 2.609e+01  0 1.508e+01 1.508e-02  1  0   0  0   0   1         0
9347.991 9.348  0   0  2 1.265e+03 1.265e+00  2 3.306e+04 3.306e+01  1  0   0  0   0   1         0
9376.082 9.376  0   0  3 5.173e+03 5.173e+00  0 7.875e+03 7.875e+00  1  0   0  0   0   1         0
9367.046 9.367  0   0  2 1.107e+01 1.107e-02  2 3.294e+01 3.294e-02  1  0   0  0   0   1         0
9391.114 9.391  0   0  3 1.301e+03 1.301e+00  0 5.074e+03 5.074e+00  1  0   0  0   0   1         0
9357.903 9.358  0   0  4 1.036e+03 1.036e+00  4 7.733e+03 7.733e+00  1  0   0  0   0   1         0
9355.192 9.355  0   0  2 1.118e+03 1.118e+00  2 9.998e+03 9.998e+00  1  0   0  0   0   1         0
9422.095 9.422  0   0  3 1.974e+04 1.974e+01  0 2.953e+04 2.953e+01  1  0   0  0   0   1         0
9444.652 9.445  0   0  3 4.208e+02 4.208e-01  0 6.682e+03 6.682e+00  1  0   0  0   0   1         0
9401.821 9.402  0   0  2 7.386e+02 7.386e-01  2 1.246e+04 1.246e+01  1  0   0  0   0   1         0
9442.780 9.443  0   0  0 7.020e+03 7.020e+00  0 1.228e+02 1.228e-01  1  0   0  0   0   1         0
9408.183 9.408  0   0  4 1.135e+04 1.135e+01  4 3.956e+04 3.956e+01  1  0   0  0   0   1         0
9490.652 9.491  0   0  2 2.436e+02 2.436e-01  2 1.638e+02 1.638e-01  1  0   0  0   0   1         0
9475.838 9.476  0   0  6 1.056e+04 1.056e+01  6 7.040e+03 7.040e+00  1  0   0  0   0   1         0
9462.618 9.463  0   0  2 5.143e-01 5.143e-04  2 1.531e+03 1.531e+00  1  0   0  0   0   1         0
9475.342 9.475  0   0  0 1.360e+03 1.360e+00  0 2.490e+03 2.490e+00  1  0   0  0   0   1         0
9455.056 9.455  0   0  4 1.103e+03 1.103e+00  4 1.210e+04 1.210e+01  1  0   0  0   0   1         0
9482.981 9.483  0   0  0 1.261e+01 1.261e-02  0 5.211e+04 5.211e+01  1  0   0  0   0   1         0
9456.719 9.457  0   0  0 9.016e+03 9.016e+00  0 1.911e+04 1.911e+01  1  0   0  0   0   1         0
9475.602 9.476  0   0  2 7.388e+03 7.388e+00  2 8.908e+03 8.908e+00  1  0   0  0   0   1         0
9452.728 9.453  0   0  2 3.527e+04 3.527e+01  2 4.391e+03 4.391e+00  1  0   0  0   0   1         0
9465.012 9.465  0   0  2 3.163e+03 3.163e+00  2 2.330e+04 2.330e+01  1  0   0  0   0   1         0
9461.635 9.462  0   0  6 3.315e+03 3.315e+00  6 1.283e+04 1.283e+01  1  0   0  0   0   1         0
9481.042 9.481  0   0  3 5.845e+03 5.845e+00  0 1.131e+04 1.131e+01  1  0   0  0   0   1         0
9489.368 9.489  0   0  1 2.544e+03 2.544e+00  0 1.349e-01 1.349e-04  1  0   0  0   0   1         0
9452.874 9.453  0   0  3 1.708e+02 1.708e-01  0 1.352e+04 1.352e+01  1  0   0  0   0   1         0
9492.536 9.493  0   0  2 1.276e+04 1.276e+01  2 9.892e+03 9.892e+00  1  0   0  0   0   1         0
9493.059 9.493  0   0  3 2.526e+03 2.526e+00  0 1.155e+04 1.155e+01  1  0   0  0   0   1         0
9467.152 9.467  0   0  6 6.037e+03 6.037e+00  6 8.166e+04 8.166e+01  1  0   0  0   0   1         0
9482.989 9.483  0   0  4 3.982e+03 3.982e+00  4 2.990e+04 2.990e+01  1  0   0  0   0   1         0
9519.088 9.519  0   0  0 5.980e+03 5.980e+00  0 1.145e+03 1.145e+00  1  0   0  0   0   1         0
9525.341 9.525  0   0  1 9.441e+02 9.441e-01  0 6.552e+03 6.552e+00  1  0   0  0   0   1         0
9521.658 9.522  0   0  2 1.116e+03 1.116e+00  2 5.062e+03 5.062e+00  1  0   0  0   0   1         0
9505.446 9.505  0   0  5 1.354e+04 1.354e+01  0 2.600e+03 2.600e+00  1  0   0  0   0   1         0
9507.699 9.508  0   0  2 9.361e+03 9.361e+00  2 4.645e+04 4.645e+01  1  0   0  0   0   1         0
9541.904 9.542  0   0  3 6.140e+03 6.140e+00  0 8.489e+04 8.489e+01  1  0   0  0   0   1         0
9524.262 9.524  0   0  5 9.641e+02 9.641e-01  0 4.333e+02 4.333e-01  1  0   0  0   0   1         0
9502.444 9.502  0   0  3 1.064e+03 1.064e+00  0 2.246e+04 2.246e+01  1  0   0  0   0   1         0
9587.296 9.587  0   0  3 8.465e+03 8.465e+00  0 2.058e+04 2.058e+01  1  0   0  0   0   1         0
9553.697 9.554  0   0  5 7.718e+01 7.718e-02  0 3.299e+04 3.299e+01  1  0   0  0   0   1         0
9588.317 9.588  0   0  3 8.428e+02 8.428e-01  0 5.518e+03 5.518e+00  1  0   0  0   0   1         0
9589.629 9.590  0   0  6 1.642e-01 1.642e-04  6 1.334e+03 1.334e+00  1  0   0  0   0   1         0
9570.126 9.570  0   0  2 4.836e+03 4.836e+00  2 8.738e+03 8.738e+00  1  0   0  0   0   1         0
9586.158 9.586  0   0  4 5.707e+03 5.707e+00  4 5.605e+02 5.605e-01  1  0   0  0   0   1         0
9595.770 9.596  0   0  7 4.191e+03 4.191e+00  0 4.466e+03 4.466e+00  1  0   0  0   0   1         0
9590.063 9.590  0   0  4 3.266e+03 3.266e+00  4 1.112e+04 1.112e+01  1  0   0  0   0   1         0
9569.563 9.570  0   0  1 1.159e+02 1.159e-01  0 3.795e+03 3.795e+00  1  0   0  0   0   1         0
9603.100 9.603  0   0  1 2.749e+01 2.749e-02  0 2.691e+03 2.691e+00  1  0   0  0   0   1         0
9641.131 9.641  0   0  2 1.316e+04 1.316e+01  2 9.704e+02 9.704e-01  1  0   0  0   0   1         0
9610.861 9.611  0   0  1 1.034e+03 1.034e+00  0 5.520e+02 5.520e-01  1  0   0  0   0   1         0
9640.254 9.640  0   0  5 3.362e+01 3.362e-02  0 3.993e+04 3.993e+01  1  0   0  0   0   1         0
9626.761 9.627  0   0  4 5.924e+02 5.924e-01  4 9.800e+02 9.800e-01  1  0   0  0   0   1         0
9613.863 9.614  0   0  2 3.473e+03 3.473e+00  2 1.922e+04 1.922e+01  1  0   0  0   0   1         0
9601.515 9.602  0   0  2 3.413e+03 3.413e+00  2 6.248e+01 6.248e-02  1  0   0  0   0   1         0
9640.817 9.641  0   0  1 1.857e+03 1.857e+00  0 7.475e+02 7.475e-01  1  0   0  0   0   1         0
9667.439 9.667  0   0  4 8.719e+01 8.719e-02  4 1.589e+04 1.589e+01  1  0   0  0   0   1         0
9697.622 9.698  0   0  2 2.300e+01 2.300e-02  2 4.062e+03 4.062e+00  1  0   0  0   0   1         0
9680.797 9.681  0   0  2 3.448e+03 3.448e+00  2 8.128e+01 8.128e-02  1  0   0  0   0   1         0
9669.110 9.669  0   0  2 5.134e+03 5.134e+00  2 1.462e+04 1.462e+01  1  0   0  0   0   1         0
9651.952 9.652  0   0  4 1.261e+04 1.261e+01  4 1.436e+04 1.436e+01  1  0   0  0   0   1         0
9746.744 9.747  0   0  7 6.347e+02 6.347e-01  0 1.627e+04 1.627e+01  1  0   0  0   0   1         0
9723.802 9.724  0   0  6 3.441e+03 3.441e+00  6 6.147e+02 6.147e-01  1  0   0  0   0   1         0
9731.953 9.732  0   0  2 6.531e+03 6.531e+00  2 9.797e+02 9.797e-01  1  0   0  0   0   1         0
9725.789 9.726  0   0  5 6.306e+03 6.306e+00  0 3.156e+04 3.156e+01  1  0   0  0   0   1         0
9742.573 9.743  0   0  1 7.377e+01 7.377e-02  0 4.463e+03 4.463e+00  1  0   0  0   0   1         0
9721.609 9.722  0   0  3 1.211e+03 1.211e+00  0 1.699e+03 1.699e+00  1  0   0  0   0   1         0
9741.011 9.741  0   0  1 8.004e+01 8.004e-02  0 7.495e+01 7.495e-02  1  0   0  0   0   1         0
9739.994 9.740  0   0  3 1.163e+03 1.163e+00  0 9.321e+03 9.321e+00  1  0   0  0   0   1         0
9798.069 9.798  0   0  5 2.320e+04 2.320e+01  0 6.064e+03 6.064e+00  1  0   0  0   0   1         0
9784.070 9.784  0   0  7 1.675e+02 1.675e-01  0 1.243e+04 1.243e+01  1  0   0  0   0   1         0
9790.915 9.791  0   0  2 5.557e+00 5.557e-03  2 7.051e+03 7.051e+00  1  0   0  0   0   1         0
9789.648 9.790  0   0  4 8.423e+03 8.423e+00  4 9.378e+02 9.378e-01  1  0   0  0   0   1         0
9774.607 9.775  0   0  1 4.157e+00 4.157e-03  0 1.082e+04 1.082e+01  1  0   0  0   0   1         0
9785.257 9.785  0   0  6 9.315e+03 9.315e+00  6 4.156e+02 4.156e-01  1  0   0  0   0   1         0
9753.925 9.754  0   0  0 1.902e+03 1.902e+00  0 4.020e+03 4.020e+00  1  0   0  0   0   1         0
9787.931 9.788  0   0  4 1.179e+04 1.179e+01  4 9.210e+03 9.210e+00  1  0   0  0   0   1         0
9798.098 9.798  0   0  0 6.477e+03 6.477e+00  0 1.610e+03 1.610e+00  1  0   0  0   0   1         0
9754.262 9.754  0   0  6 4.235e+03 4.235e+00  6 8.953e+03 8.953e+00  1  0   0  0   0   1         0
9823.550 9.824  0   0  4 3.144e+04 3.144e+01  4 1.450e+04 1.450e+01  1  0   0  0   0   1         0
9814.549 9.815  0   0  2 8.222e+02 8.222e-01  2 1.694e+03 1.694e+00  1  0   0  0   0   1         0
9822.033 9.822  0   0  2 3.893e+03 3.893e+00  2 2.062e+04 2.062e+01  1  0   0  0   0   1         0
9834.315 9.834  0   0  4 6.795e+01 6.795e-02  4 1.749e+01 1.749e-02  1  0   0  0   0   1         0
9802.003 9.802  0   0  2 2.768e+04 2.768e+01  2 8.923e+03 8.923e+00  1  0   0  0   0   1         0
9839.778 9.840  0   0  2 4.250e+02 4.250e-01  2 3.849e+03 3.849e+00  1  0   0  0   0   1         0
9814.182 9.814  0   0  6 6.190e+03 6.190e+00  6 4.782e+04 4.782e+01  1  0   0  0   0   1         0
9834.164 9.834  0   0  1 4.987e+03 4.987e+00  0 6.025e+03 6.025e+00  1  0   0  0   0   1         0
9832.174 9.832  0   0  4 9.912e+02 9.912e-01  4 3.914e+02 3.914e-01  1  0   0  0   0   1         0
9832.669 9.833  0   0  1 9.930e+03 9.930e+00  0 6.200e+03 6.200e+00  1  0   0  0   0   1         0
9883.461 9.883  0   0  3 1.046e+04 1.046e+01  0 4.946e+03 4.946e+00  1  0   0  0   0   1         0
9890.670 9.891  0   0  2 1.606e+03 1.606e+00  2 5.918e+03 5.918e+00  1  0   0  0   0   1         0
9894.079 9.894  0   0  4 1.382e+04 1.382e+01  4 4.523e+04 4.523e+01  1  0   0  0   0   1         0
9928.043 9.928  0   0  3 8.902e+01 8.902e-02  0 7.571e+02 7.571e-01  1  0   0  0   0   1         0
9926.871 9.927  0   0  4 3.239e+02 3.239e-01  4 9.665e+02 9.665e-01  1  0   0  0   0   1         0
9941.455 9.941  0   0  6 8.935e+02 8.935e-01  6 6.733e+04 6.733e+01  1  0   0  0   0   1         0
9906.962 9.907  0   0  4 4.869e+01 4.869e-02  4 2.468e+02 2.468e-01  1  0   0  0   0   1         0
9945.510 9.946  0   0  2 1.724e+02 1.724e-01  2 1.647e+03 1.647e+00  1  0   0  0   0   1         0
9926.612 9.927  0   0  0 2.540e+03 2.540e+00  0 5.994e+03 5.994e+00  1  0   0  0   0   1         0
9929.345 9.929  0   0  0 4.193e+02 4.193e-01  0 4.268e+02 4.268e-01  1  0   0  0   0   1         0
9925.549 9.926  0   0  4 7.814e+01 7.814e-02  4 7.611e+03 7.611e+00  1  0   0  0   0   1         0
9901.807 9.902  0   0  2 5.286e+01 5.286e-02  2 4.785e+03 4.785e+00  1  0   0  0   0   1         0
9924.895 9.925  0   0  3 6.668e+01 6.668e-02  0 1.992e+02 1.992e-01  1  0   0  0   0   1         0
9913.209 9.913  0   0  2 3.332e+02 3.332e-01  2 2.801e+03 2.801e+00  1  0   0  0   0   1         0
9917.171 9.917  0   0  2 2.674e+02 2.674e-01  2 1.528e+03 1.528e+00  1  0   0  0   0   1         0
9932.492 9.932  0   0  6 1.894e+01 1.894e-02  6 6.663e+03 6.663e+00  1  0   0  0   0   1         0
9972.679 9.973  0   0  4 2.361e+03 2.361e+00  4 5.735e+03 5.735e+00  1  0   0  0   0   1         0
9954.400 9.954  0   0  4 1.580e+03 1.580e+00  4 2.617e+04 2.617e+01  1  0   0  0   0   1         0
9986.096 9.986  0   0  5 2.005e+03 2.005e+00  0 4.020e+02 4.020e-01  1  0   0  0   0   1         0
9961.113 9.961  0   0  3 6.914e+02 6.914e-01  0 1.543e+03 1.543e+00  1  0   0  0   0   1         0
9959.695 9.960  0   0  4 2.780e+04 2.780e+01  4 6.633e+03 6.633e+00  1  0   0  0   0   1         0
9965.779 9.966  0   0  5 1.241e+04 1.241e+01  0 6.249e+04 6.249e+01  1  0   0  0   0   1         0
9995.133 9.995  0   0  5 3.530e+04 3.530e+01  0 5.733e+02 5.733e-01  1  0   0  0   0   1         0
9989.849 9.990  0   0  1 8.893e+03 8.893e+00  0 1.227e+04 1.227e+01  1  0   0  0   0   1         0
9997.353 9.997  0   0  1 1.581e+03 1.581e+00  0 3.868e+03 3.868e+00  1  0   0  0   0   1         0
9982.635 9.983  0   0  0 1.694e+03 1.694e+00  0 7.391e+03 7.391e+00  1  0   0  0   0   1         0
*************************************************** *************************************************** **********
Upper Limits of Resonances
Note: enter partial width upper limit by chosing non-zero va lue for PT, where PT=<theta^2> for particles and...
Note: ...PT=<B> for g-rays [enter: "upper_limit 0.0"]; for each resonance: # upper limits < # open channels!
Ecm DEcm Jr G1 DG1 L1 PT DPT G2 DG2 L2 PT DPT G3 DG3 L3 PT DPT Exf Int
497.38 0.08 2 9.28e-12 0 2 0.01 0 2.58e3 2.4e1 0 0 0 1.73 3e-2 1 0 0 0.0 1
548.16 0.10 2 3.80e-8 0 2 0.01 0 4.64e3 1.0e2 1 0 0 4.56 0.29 1 0 0 0.0 1
556.28 0.16 2 1.50e-8 0 2 0.01 0 1.44 1.6e-1 2 0 0 3.0 1.5 1 0 0 0.0 0
568.27 0.19 1 2.08e-7 0 1 0.01 0 5.40e-1 8.8e-2 1 0 0 3.0 1.5 1 0 0 0.0 0
628.43 0.10 2 2.40e-8 0 2 0.01 0 4.51e3 1.1e2 1 0 0 7.42 0.60 1 0 0 0.0 1
659.32 0.12 2 2.20e-8 0 2 0.01 0 5.40e2 5.4e1 0 0 0 3.24 0.35 1 0 0 0.0 1
665.11 0.11 4 1.44e-8 0 4 0.01 0 1.51e3 3.4e1 1 0 0 5.9e-1 2.4e-1 1 0 0 0.0 1
670.81 0.13 1 2.57e-8 0 1 0.01 0 1.26e3 1.0e2 1 0 0 7.9e-1 4.6e-1 1 0 0 0.0 1
671.59 0.12 2 1.54e-8 0 2 0.01 0 1.28e1 6.0 2 0 0 4.26 0.60 1 0 0 0.0 1
674.36 0.25 2 1.54e-8 0 2 0.01 0 1.54 0.46 1 0 0 3.0 1.5 1 0 0 0.0 0
681.21 0.13 3 1.43e-8 0 3 0.01 0 8.06e3 1.2e2 1 0 0 3.31 0.73 1 0 0 0.0 1
695.95 0.35 1 5.34e-9 0 1 0.01 0 1.12 0.40 1 0 0 3.0 1.5 1 0 0 0.0 0
711.34 0.54 1 4.11e-8 0 1 0.01 0 6.0e-1 3.2e-1 1 0 0 3.0 1.5 1 0 0 0.0 0
713.40 0.14 1 1.67e-7 0 1 0.01 0 4.24e2 8.6e1 1 0 0 3.63 0.47 1 0 0 0.0 1
714.34 0.55 1 4.12e-8 0 1 0.01 0 2.8 1.0 1 0 0 3.0 1.5 1 0 0 0.0 0
722.12 0.56 1 4.17e-8 0 1 0.01 0 1.42 0.56 1 0 0 3.0 1.5 1 0 0 0.0 0
729.15 0.15 2 4.00e-8 0 2 0.01 0 1.53e2 4.2e1 1 0 0 1.18 0.27 1 0 0 0.0 1
730.03 0.16 4 4.68e-9 0 4 0.01 0 4.13e3 1.9e2 3 0 0 1.82 0.38 1 0 0 0.0 1
777.78 0.16 5 3.34e-9 0 5 0.01 0 2.90e2 1.9e1 2 0 0 3.0 1.5 1 0 0 0.0 1
*************************************************** *************************************************** **********
Interference between Resonances [numerical integration o nly]
Note: + for positive, - for negative interference; +- if inte rference sign is unknown
Ecm DEcm Jr G1 DG1 L1 PT DPT G2 DG2 L2 PT DPT G3 DG3 L3 PT DPT Exf
!+-
0.0 0.0 0.0 0.0 0.0 0 0 0 0.0 0.0 0 0 0 0.0 0.0 0 0 0 0.0
0.0 0.0 0.0 0.0 0.0 0 0 0 0.0 0.0 0 0 0 0.0 0.0 0 0 0 0.0
*************************************************** *************************************************** **********
Comments:
1. Including results from Longland et al. 2009.
2. The 704 keV resonance is considered to be the same as the one seen in the 22Ne(a,g)26Mg reaction.
References: Longland et al. [135].
