14O(a,p)17F
*************************************************** *************************************************** **********
2 ! Zproj
8 ! Ztarget
1 ! Zexitparticle (=0 when only 2 channels open)
4.003 ! Aproj
14 ! Atarget
1.009 ! Aexitparticle (=0 when only 2 channels open)
0.0 ! Jproj
0.0 ! Jtarget
0.5 ! Jexitparticle (=0 when only 2 channels open)
5115.0969 ! projectile separation energy (keV)
3923.0711 ! exit particle separation energy (=0 when only 2 channels open)
1.25 ! Radius parameter R0 (fm)
3 ! Gamma-ray channel number (=2 if ejectile is a g-ray; =3 otherwise)
*************************************************** *************************************************** **********
1.0 ! Minimum energy for numerical integration (keV)
1 ! Number of random samples (>5000 for better statistics )
0 ! =0 for rate output at all temperatures; =NT for rate output at selected temperatures
0 0 ! (Res, E) =0 for no correlation. =1 for correlation
*************************************************** *************************************************** **********
Nonresonant Contribution
S(keVb) S’(b) S’’(b/keV) fracErr Cutoff Energy (keV)
0.0 0.0 0.0 0.0 0.0
0.0 0.0 0.0 0.0 0.0
*************************************************** *************************************************** **********
Resonant Contribution
Note: G1 = entrance channel, G2 = exit channel, G3 = spectator channel !! Ecm, Exf in (keV); wg, Gx in (eV) !!
Note: if Er<0, theta^2=C2S*theta_sp^2 must be entered inst ead of entrance channel partial width
Ecm      DEcm  wg Dwg Jr G1        DG1       L1 G2        DG2       L2 G3 DG3 L3 Exf Int Corr/Frac
 794.952 0.795  0   0  2 4.321e+03 4.321e+00  2 2.633e+04 2.633e+01  1  0   0  0   0   1         0
1568.006 1.568  0   0  2 1.131e+04 1.131e+01  2 7.777e+04 7.777e+01  1  0   0  0   0   1         0
4356.514 4.357  0   0  4 3.766e+02 3.766e-01  4 1.233e+04 1.233e+01  1  0   0  0   0   1         0
4410.302 4.410  0   0  4 6.021e+04 6.021e+01  4 1.742e+03 1.742e+00  1  0   0  0   0   1         0
4416.158 4.416  0   0  4 2.379e+02 2.379e-01  4 1.838e+04 1.838e+01  1  0   0  0   0   1         0
4460.422 4.460  0   0  4 1.091e+04 1.091e+01  4 5.060e+02 5.060e-01  1  0   0  0   0   1         0
4490.608 4.491  0   0  2 1.452e+03 1.452e+00  2 1.605e+04 1.605e+01  1  0   0  0   0   1         0
4564.774 4.565  0   0  5 9.905e+00 9.905e-03  0 1.422e+04 1.422e+01  1  0   0  0   0   1         0
4707.230 4.707  0   0  3 3.631e+04 3.631e+01  0 7.217e+03 7.217e+00  1  0   0  0   0   1         0
4721.377 4.721  0   0  0 1.909e+02 1.909e-01  0 2.983e+04 2.983e+01  1  0   0  0   0   1         0
4748.366 4.748  0   0  3 6.144e+03 6.144e+00  0 1.251e+04 1.251e+01  1  0   0  0   0   1         0
4769.089 4.769  0   0  2 7.435e+03 7.435e+00  2 6.807e+03 6.807e+00  1  0   0  0   0   1         0
4912.080 4.912  0   0  4 1.776e+02 1.776e-01  4 3.464e+04 3.464e+01  1  0   0  0   0   1         0
4937.553 4.938  0   0  1 3.243e+04 3.243e+01  0 2.678e+03 2.678e+00  1  0   0  0   0   1         0
4955.908 4.956  0   0  0 4.888e+02 4.888e-01  0 1.192e+04 1.192e+01  1  0   0  0   0   1         0
4951.084 4.951  0   0  2 1.621e+03 1.621e+00  2 4.703e+04 4.703e+01  1  0   0  0   0   1         0
5002.123 5.002  0   0  1 8.983e+02 8.983e-01  0 1.099e+04 1.099e+01  1  0   0  0   0   1         0
5102.398 5.102  0   0  2 1.766e+04 1.766e+01  2 6.922e+04 6.922e+01  1  0   0  0   0   1         0
5191.975 5.192  0   0  6 1.487e+04 1.487e+01  6 1.473e+04 1.473e+01  1  0   0  0   0   1         0
5194.997 5.195  0   0  0 2.039e+04 2.039e+01  0 4.899e+03 4.899e+00  1  0   0  0   0   1         0
5362.940 5.363  0   0  0 3.660e+03 3.660e+00  0 1.787e+03 1.787e+00  1  0   0  0   0   1         0
5417.822 5.418  0   0  2 8.593e+03 8.593e+00  2 7.641e+03 7.641e+00  1  0   0  0   0   1         0
5415.904 5.416  0   0  3 1.930e+04 1.930e+01  0 3.104e+04 3.104e+01  1  0   0  0   0   1         0
5481.086 5.481  0   0  2 1.070e+04 1.070e+01  2 1.843e+04 1.843e+01  1  0   0  0   0   1         0
5606.242 5.606  0   0  3 1.449e+02 1.449e-01  0 2.359e+02 2.359e-01  1  0   0  0   0   1         0
7207.585 7.208  0   0  3 5.842e+03 5.842e+00  0 2.957e+04 2.957e+01  1  0   0  0   0   1         0
7248.141 7.248  0   0  2 6.406e+03 6.406e+00  2 1.072e+04 1.072e+01  1  0   0  0   0   1         0
7324.259 7.324  0   0  3 1.466e+04 1.466e+01  0 1.234e+04 1.234e+01  1  0   0  0   0   1         0
7327.085 7.327  0   0  2 2.198e+02 2.198e-01  2 1.572e+04 1.572e+01  1  0   0  0   0   1         0
7539.121 7.539  0   0  3 1.784e+03 1.784e+00  0 2.514e+04 2.514e+01  1  0   0  0   0   1         0
7668.642 7.669  0   0  2 3.982e+02 3.982e-01  2 7.722e+04 7.722e+01  1  0   0  0   0   1         0
7719.576 7.720  0   0  3 3.747e+04 3.747e+01  0 7.592e+03 7.592e+00  1  0   0  0   0   1         0
7736.819 7.737  0   0  4 9.900e+03 9.900e+00  4 4.638e+02 4.638e-01  1  0   0  0   0   1         0
7832.201 7.832  0   0  2 5.715e+03 5.715e+00  2 5.000e+00 5.000e-03  1  0   0  0   0   1         0
7891.472 7.891  0   0  2 3.370e+03 3.370e+00  2 3.012e+03 3.012e+00  1  0   0  0   0   1         0
7939.292 7.939  0   0  2 1.292e+03 1.292e+00  2 3.742e+02 3.742e-01  1  0   0  0   0   1         0
7954.629 7.955  0   0  3 1.348e+01 1.348e-02  0 6.758e+02 6.758e-01  1  0   0  0   0   1         0
8109.712 8.110  0   0  4 4.726e-01 4.726e-04  4 1.266e+04 1.266e+01  1  0   0  0   0   1         0
8161.689 8.162  0   0  1 1.479e+04 1.479e+01  0 2.634e+04 2.634e+01  1  0   0  0   0   1         0
8192.297 8.192  0   0  3 2.584e+01 2.584e-02  0 5.156e+02 5.156e-01  1  0   0  0   0   1         0
8236.988 8.237  0   0  3 1.960e+04 1.960e+01  0 2.204e+04 2.204e+01  1  0   0  0   0   1         0
8263.247 8.263  0   0  3 4.761e+01 4.761e-02  0 5.926e+01 5.926e-02  1  0   0  0   0   1         0
8335.147 8.335  0   0  2 1.348e+02 1.348e-01  2 1.471e+05 1.471e+02  1  0   0  0   0   1         0
8488.864 8.489  0   0  3 5.359e+03 5.359e+00  0 8.596e+04 8.596e+01  1  0   0  0   0   1         0
8827.823 8.828  0   0  3 7.351e+03 7.351e+00  0 7.280e+02 7.280e-01  1  0   0  0   0   1         0
9320.429 9.320  0   0  1 2.278e+02 2.278e-01  0 2.555e+03 2.555e+00  1  0   0  0   0   1         0
9671.578 9.672  0   0  1 6.915e+03 6.915e+00  0 5.521e+03 5.521e+00  1  0   0  0   0   1         0
9829.581 9.830  0   0  1 2.084e+01 2.084e-02  0 1.902e+04 1.902e+01  1  0   0  0   0   1         0
9982.764 9.983  0   0  2 4.879e+03 4.879e+00  2 1.375e+04 1.375e+01  1  0   0  0   0   1         0
9965.948 9.966  0   0  1 1.079e+04 1.079e+01  0 6.689e+04 6.689e+01  1  0   0  0   0   1         0
*************************************************** *************************************************** **********
Upper Limits of Resonances
Note: enter partial width upper limit by chosing non-zero va lue for PT, where PT=<theta^2> for particles and...
Note: ...PT=<B> for g-rays [enter: "upper_limit 0.0"]; for each resonance: # upper limits < # open channels!
Ecm DEcm Jr G1 DG1 L1 PT DPT G2 DG2 L2 PT DPT G3 DG3 L3 PT DPT Exf Int
497.38 0.08 2 9.28e-12 0 2 0.01 0 2.58e3 2.4e1 0 0 0 1.73 3e-2 1 0 0 0.0 1
548.16 0.10 2 3.80e-8 0 2 0.01 0 4.64e3 1.0e2 1 0 0 4.56 0.29 1 0 0 0.0 1
556.28 0.16 2 1.50e-8 0 2 0.01 0 1.44 1.6e-1 2 0 0 3.0 1.5 1 0 0 0.0 0
568.27 0.19 1 2.08e-7 0 1 0.01 0 5.40e-1 8.8e-2 1 0 0 3.0 1.5 1 0 0 0.0 0
628.43 0.10 2 2.40e-8 0 2 0.01 0 4.51e3 1.1e2 1 0 0 7.42 0.60 1 0 0 0.0 1
659.32 0.12 2 2.20e-8 0 2 0.01 0 5.40e2 5.4e1 0 0 0 3.24 0.35 1 0 0 0.0 1
665.11 0.11 4 1.44e-8 0 4 0.01 0 1.51e3 3.4e1 1 0 0 5.9e-1 2.4e-1 1 0 0 0.0 1
670.81 0.13 1 2.57e-8 0 1 0.01 0 1.26e3 1.0e2 1 0 0 7.9e-1 4.6e-1 1 0 0 0.0 1
671.59 0.12 2 1.54e-8 0 2 0.01 0 1.28e1 6.0 2 0 0 4.26 0.60 1 0 0 0.0 1
674.36 0.25 2 1.54e-8 0 2 0.01 0 1.54 0.46 1 0 0 3.0 1.5 1 0 0 0.0 0
681.21 0.13 3 1.43e-8 0 3 0.01 0 8.06e3 1.2e2 1 0 0 3.31 0.73 1 0 0 0.0 1
695.95 0.35 1 5.34e-9 0 1 0.01 0 1.12 0.40 1 0 0 3.0 1.5 1 0 0 0.0 0
711.34 0.54 1 4.11e-8 0 1 0.01 0 6.0e-1 3.2e-1 1 0 0 3.0 1.5 1 0 0 0.0 0
713.40 0.14 1 1.67e-7 0 1 0.01 0 4.24e2 8.6e1 1 0 0 3.63 0.47 1 0 0 0.0 1
714.34 0.55 1 4.12e-8 0 1 0.01 0 2.8 1.0 1 0 0 3.0 1.5 1 0 0 0.0 0
722.12 0.56 1 4.17e-8 0 1 0.01 0 1.42 0.56 1 0 0 3.0 1.5 1 0 0 0.0 0
729.15 0.15 2 4.00e-8 0 2 0.01 0 1.53e2 4.2e1 1 0 0 1.18 0.27 1 0 0 0.0 1
730.03 0.16 4 4.68e-9 0 4 0.01 0 4.13e3 1.9e2 3 0 0 1.82 0.38 1 0 0 0.0 1
777.78 0.16 5 3.34e-9 0 5 0.01 0 2.90e2 1.9e1 2 0 0 3.0 1.5 1 0 0 0.0 1
*************************************************** *************************************************** **********
Interference between Resonances [numerical integration o nly]
Note: + for positive, - for negative interference; +- if inte rference sign is unknown
Ecm DEcm Jr G1 DG1 L1 PT DPT G2 DG2 L2 PT DPT G3 DG3 L3 PT DPT Exf
!+-
0.0 0.0 0.0 0.0 0.0 0 0 0 0.0 0.0 0 0 0 0.0 0.0 0 0 0 0.0
0.0 0.0 0.0 0.0 0.0 0 0 0 0.0 0.0 0 0 0 0.0 0.0 0 0 0 0.0
*************************************************** *************************************************** **********
Comments:
1. Including results from Longland et al. 2009.
2. The 704 keV resonance is considered to be the same as the one seen in the 22Ne(a,g)26Mg reaction.
References: Longland et al. [135].
