18Ne(a,p)21Na
*************************************************** *************************************************** **********
2 ! Zproj
10 ! Ztarget
1 ! Zexitparticle (=0 when only 2 channels open)
4.003 ! Aproj
18 ! Atarget
1.009 ! Aexitparticle (=0 when only 2 channels open)
0.0 ! Jproj
0.0 ! Jtarget
0.5 ! Jexitparticle (=0 when only 2 channels open)
8142.51887 ! projectile separation energy (keV)
5504.100064 ! exit particle separation energy (=0 when only 2 channels open)
1.25 ! Radius parameter R0 (fm)
3 ! Gamma-ray channel number (=2 if ejectile is a g-ray; =3 otherwise)
*************************************************** *************************************************** **********
1.0 ! Minimum energy for numerical integration (keV)
1 ! Number of random samples (>5000 for better statistics )
0 ! =0 for rate output at all temperatures; =NT for rate output at selected temperatures
0 0 ! (Res, E) =0 for no correlation. =1 for correlation
*************************************************** *************************************************** **********
Nonresonant Contribution
S(keVb) S’(b) S’’(b/keV) fracErr Cutoff Energy (keV)
0.0 0.0 0.0 0.0 0.0
0.0 0.0 0.0 0.0 0.0
*************************************************** *************************************************** **********
Resonant Contribution
Note: G1 = entrance channel, G2 = exit channel, G3 = spectator channel !! Ecm, Exf in (keV); wg, Gx in (eV) !!
Note: if Er<0, theta^2=C2S*theta_sp^2 must be entered inst ead of entrance channel partial width
Ecm      DEcm  wg Dwg Jr G1        DG1       L1 G2        DG2       L2 G3 DG3 L3 Exf Int Corr/Frac
 100.261 0.100  0   0  0 5.269e+03 5.269e+00  0 1.643e+03 1.643e+00  1  0   0  0   0   1         0
 152.739 0.153  0   0  4 2.961e+04 2.961e+01  4 1.634e+04 1.634e+01  1  0   0  0   0   1         0
 251.901 0.252  0   0  1 3.500e+03 3.500e+00  0 1.222e+04 1.222e+01  1  0   0  0   0   1         0
 259.633 0.260  0   0  1 9.171e+03 9.171e+00  0 2.117e+03 2.117e+00  1  0   0  0   0   1         0
 498.892 0.499  0   0  3 4.084e+01 4.084e-02  0 5.178e+01 5.178e-02  1  0   0  0   0   1         0
1886.146 1.886  0   0  1 4.631e+02 4.631e-01  0 6.071e+03 6.071e+00  1  0   0  0   0   1         0
1859.154 1.859  0   0  3 4.597e+03 4.597e+00  0 7.512e+04 7.512e+01  1  0   0  0   0   1         0
2228.506 2.229  0   0  3 6.306e+03 6.306e+00  0 6.362e+02 6.362e-01  1  0   0  0   0   1         0
2269.790 2.270  0   0  2 1.954e+02 1.954e-01  2 2.233e+03 2.233e+00  1  0   0  0   0   1         0
2370.909 2.371  0   0  3 5.932e+03 5.932e+00  0 4.825e+03 4.825e+00  1  0   0  0   0   1         0
5080.852 5.081  0   0  0 2.407e+03 2.407e+00  0 1.469e+03 1.469e+00  1  0   0  0   0   1         0
5067.225 5.067  0   0  3 7.916e+03 7.916e+00  0 2.485e+04 2.485e+01  1  0   0  0   0   1         0
5172.583 5.173  0   0  2 3.617e+03 3.617e+00  2 4.446e+04 4.446e+01  1  0   0  0   0   1         0
5182.237 5.182  0   0  3 3.728e+03 3.728e+00  0 2.855e+03 2.855e+00  1  0   0  0   0   1         0
5375.325 5.375  0   0  0 7.139e+01 7.139e-02  0 8.915e+01 8.915e-02  1  0   0  0   0   1         0
5517.135 5.517  0   0  2 1.355e+03 1.355e+00  2 6.224e+00 6.224e-03  1  0   0  0   0   1         0
5593.039 5.593  0   0  4 1.969e+02 1.969e-01  4 1.561e+04 1.561e+01  1  0   0  0   0   1         0
5569.030 5.569  0   0  3 6.009e+02 6.009e-01  0 7.742e+02 7.742e-01  1  0   0  0   0   1         0
5557.917 5.558  0   0  6 1.565e+04 1.565e+01  6 5.801e+03 5.801e+00  1  0   0  0   0   1         0
5604.127 5.604  0   0  5 2.587e+03 2.587e+00  0 6.555e+02 6.555e-01  1  0   0  0   0   1         0
5695.482 5.695  0   0  0 7.455e+02 7.455e-01  0 6.938e+03 6.938e+00  1  0   0  0   0   1         0
5725.029 5.725  0   0  0 8.164e+02 8.164e-01  0 1.261e+04 1.261e+01  1  0   0  0   0   1         0
5783.812 5.784  0   0  5 4.643e+01 4.643e-02  0 8.456e+03 8.456e+00  1  0   0  0   0   1         0
5942.377 5.942  0   0  3 1.078e+04 1.078e+01  0 7.358e+03 7.358e+00  1  0   0  0   0   1         0
5979.629 5.980  0   0  2 3.421e+03 3.421e+00  2 3.182e+02 3.182e-01  1  0   0  0   0   1         0
5992.655 5.993  0   0  6 5.839e+03 5.839e+00  6 3.315e+03 3.315e+00  1  0   0  0   0   1         0
6001.256 6.001  0   0  7 2.762e+03 2.762e+00  0 2.232e+03 2.232e+00  1  0   0  0   0   1         0
6081.828 6.082  0   0  3 1.041e+04 1.041e+01  0 1.807e+04 1.807e+01  1  0   0  0   0   1         0
6099.101 6.099  0   0  5 1.855e+04 1.855e+01  0 1.906e+04 1.906e+01  1  0   0  0   0   1         0
6081.159 6.081  0   0  4 6.437e+03 6.437e+00  4 1.918e+04 1.918e+01  1  0   0  0   0   1         0
6117.458 6.117  0   0  1 2.305e+01 2.305e-02  0 6.924e+03 6.924e+00  1  0   0  0   0   1         0
6173.392 6.173  0   0  5 9.892e+01 9.892e-02  0 2.679e+04 2.679e+01  1  0   0  0   0   1         0
6198.908 6.199  0   0  5 1.879e+01 1.879e-02  0 6.847e+01 6.847e-02  1  0   0  0   0   1         0
6170.718 6.171  0   0  4 8.323e+03 8.323e+00  4 3.861e+04 3.861e+01  1  0   0  0   0   1         0
6240.132 6.240  0   0  0 7.563e+02 7.563e-01  0 7.653e+03 7.653e+00  1  0   0  0   0   1         0
6251.496 6.251  0   0  2 2.265e+04 2.265e+01  2 1.631e+03 1.631e+00  1  0   0  0   0   1         0
6317.524 6.318  0   0  2 4.944e+03 4.944e+00  2 2.181e+03 2.181e+00  1  0   0  0   0   1         0
6342.734 6.343  0   0  1 9.890e+01 9.890e-02  0 1.782e+04 1.782e+01  1  0   0  0   0   1         0
6399.938 6.400  0   0  2 2.288e+03 2.288e+00  2 9.750e+03 9.750e+00  1  0   0  0   0   1         0
6419.742 6.420  0   0  6 3.395e+03 3.395e+00  6 3.854e+03 3.854e+00  1  0   0  0   0   1         0
6460.181 6.460  0   0  4 1.620e+03 1.620e+00  4 8.501e+03 8.501e+00  1  0   0  0   0   1         0
6450.892 6.451  0   0  6 7.599e+02 7.599e-01  6 5.279e+04 5.279e+01  1  0   0  0   0   1         0
6472.789 6.473  0   0  4 4.952e+03 4.952e+00  4 2.588e+03 2.588e+00  1  0   0  0   0   1         0
6516.233 6.516  0   0  5 1.103e+03 1.103e+00  0 2.543e+04 2.543e+01  1  0   0  0   0   1         0
6507.837 6.508  0   0  2 3.119e+03 3.119e+00  2 5.013e+04 5.013e+01  1  0   0  0   0   1         0
6559.332 6.559  0   0  0 6.405e+03 6.405e+00  0 7.595e+03 7.595e+00  1  0   0  0   0   1         0
6578.228 6.578  0   0  0 2.320e+01 2.320e-02  0 1.240e+02 1.240e-01  1  0   0  0   0   1         0
6625.923 6.626  0   0  0 7.784e+03 7.784e+00  0 2.634e+03 2.634e+00  1  0   0  0   0   1         0
6615.731 6.616  0   0  2 3.792e-02 3.792e-05  2 7.458e+03 7.458e+00  1  0   0  0   0   1         0
6602.571 6.603  0   0  2 2.558e+03 2.558e+00  2 3.327e+04 3.327e+01  1  0   0  0   0   1         0
6666.227 6.666  0   0  1 3.166e+03 3.166e+00  0 1.504e+03 1.504e+00  1  0   0  0   0   1         0
6746.549 6.747  0   0  0 2.919e+03 2.919e+00  0 6.536e+02 6.536e-01  1  0   0  0   0   1         0
6806.963 6.807  0   0  4 8.028e+02 8.028e-01  4 1.038e+04 1.038e+01  1  0   0  0   0   1         0
6845.974 6.846  0   0  0 1.704e+04 1.704e+01  0 7.647e+02 7.647e-01  1  0   0  0   0   1         0
6800.467 6.800  0   0  5 8.889e+02 8.889e-01  0 5.963e+03 5.963e+00  1  0   0  0   0   1         0
6809.484 6.809  0   0  6 1.797e+03 1.797e+00  6 2.927e+03 2.927e+00  1  0   0  0   0   1         0
6801.578 6.802  0   0  4 6.436e+02 6.436e-01  4 2.913e+03 2.913e+00  1  0   0  0   0   1         0
6805.575 6.806  0   0  0 3.765e+02 3.765e-01  0 1.708e+04 1.708e+01  1  0   0  0   0   1         0
6865.952 6.866  0   0  3 2.184e+02 2.184e-01  0 1.598e+04 1.598e+01  1  0   0  0   0   1         0
6894.543 6.895  0   0  3 3.780e+00 3.780e-03  0 4.650e+02 4.650e-01  1  0   0  0   0   1         0
6944.064 6.944  0   0  3 5.624e+03 5.624e+00  0 7.369e+01 7.369e-02  1  0   0  0   0   1         0
6964.825 6.965  0   0  0 1.943e+04 1.943e+01  0 1.129e+04 1.129e+01  1  0   0  0   0   1         0
6983.274 6.983  0   0  2 7.117e+03 7.117e+00  2 9.442e+03 9.442e+00  1  0   0  0   0   1         0
6991.869 6.992  0   0  6 2.417e+03 2.417e+00  6 4.490e+00 4.490e-03  1  0   0  0   0   1         0
7076.301 7.076  0   0  2 1.217e+02 1.217e-01  2 4.505e+03 4.505e+00  1  0   0  0   0   1         0
7107.612 7.108  0   0  6 4.378e+02 4.378e-01  6 3.705e+04 3.705e+01  1  0   0  0   0   1         0
7160.787 7.161  0   0  4 2.002e+04 2.002e+01  4 7.727e+03 7.727e+00  1  0   0  0   0   1         0
7173.755 7.174  0   0  4 1.157e+04 1.157e+01  4 3.160e+02 3.160e-01  1  0   0  0   0   1         0
7243.396 7.243  0   0  1 9.562e+03 9.562e+00  0 1.796e+04 1.796e+01  1  0   0  0   0   1         0
7240.067 7.240  0   0  2 1.400e+03 1.400e+00  2 9.994e+03 9.994e+00  1  0   0  0   0   1         0
7205.086 7.205  0   0  4 3.189e+04 3.189e+01  4 1.118e+03 1.118e+00  1  0   0  0   0   1         0
7319.931 7.320  0   0  1 3.647e+02 3.647e-01  0 3.327e+03 3.327e+00  1  0   0  0   0   1         0
7355.028 7.355  0   0  5 4.745e+02 4.745e-01  0 6.335e+03 6.335e+00  1  0   0  0   0   1         0
7387.843 7.388  0   0  0 3.188e+03 3.188e+00  0 1.343e+04 1.343e+01  1  0   0  0   0   1         0
7405.622 7.406  0   0  4 1.980e+04 1.980e+01  4 5.482e+02 5.482e-01  1  0   0  0   0   1         0
7412.788 7.413  0   0  3 1.293e+02 1.293e-01  0 1.157e+04 1.157e+01  1  0   0  0   0   1         0
7414.922 7.415  0   0  1 8.819e+02 8.819e-01  0 3.548e+04 3.548e+01  1  0   0  0   0   1         0
7486.920 7.487  0   0  3 1.034e+04 1.034e+01  0 1.235e+03 1.235e+00  1  0   0  0   0   1         0
7464.979 7.465  0   0  1 2.273e+04 2.273e+01  0 2.021e+03 2.021e+00  1  0   0  0   0   1         0
7468.761 7.469  0   0  1 8.271e+02 8.271e-01  0 3.535e+04 3.535e+01  1  0   0  0   0   1         0
7517.151 7.517  0   0  2 3.575e+02 3.575e-01  2 4.497e+04 4.497e+01  1  0   0  0   0   1         0
7526.746 7.527  0   0  3 3.309e+03 3.309e+00  0 8.356e+03 8.356e+00  1  0   0  0   0   1         0
7512.575 7.513  0   0  1 2.171e+02 2.171e-01  0 7.725e+02 7.725e-01  1  0   0  0   0   1         0
7560.518 7.561  0   0  6 1.421e+03 1.421e+00  6 6.243e+03 6.243e+00  1  0   0  0   0   1         0
7562.810 7.563  0   0  3 4.820e+02 4.820e-01  0 6.344e+03 6.344e+00  1  0   0  0   0   1         0
7551.526 7.552  0   0  6 1.602e+03 1.602e+00  6 3.385e+03 3.385e+00  1  0   0  0   0   1         0
7556.032 7.556  0   0  4 9.893e+03 9.893e+00  4 1.297e+03 1.297e+00  1  0   0  0   0   1         0
7622.089 7.622  0   0  0 5.296e+01 5.296e-02  0 4.807e+02 4.807e-01  1  0   0  0   0   1         0
7632.127 7.632  0   0  4 2.123e+03 2.123e+00  4 2.941e+03 2.941e+00  1  0   0  0   0   1         0
7673.241 7.673  0   0  3 3.752e+04 3.752e+01  0 9.069e+02 9.069e-01  1  0   0  0   0   1         0
7683.164 7.683  0   0  5 2.228e+01 2.228e-02  0 4.646e+04 4.646e+01  1  0   0  0   0   1         0
7680.163 7.680  0   0  8 3.898e+03 3.898e+00  8 2.642e+03 2.642e+00  1  0   0  0   0   1         0
7718.486 7.718  0   0  4 3.562e+03 3.562e+00  4 5.076e+03 5.076e+00  1  0   0  0   0   1         0
7737.064 7.737  0   0  2 2.176e+02 2.176e-01  2 1.431e+04 1.431e+01  1  0   0  0   0   1         0
7720.332 7.720  0   0  4 5.372e+00 5.372e-03  4 1.130e+03 1.130e+00  1  0   0  0   0   1         0
7728.269 7.728  0   0  6 8.367e+02 8.367e-01  6 4.832e+02 4.832e-01  1  0   0  0   0   1         0
7757.017 7.757  0   0  6 5.639e+02 5.639e-01  6 1.658e+04 1.658e+01  1  0   0  0   0   1         0
7764.320 7.764  0   0  4 8.948e+02 8.948e-01  4 2.966e+03 2.966e+00  1  0   0  0   0   1         0
7783.891 7.784  0   0  3 7.361e+03 7.361e+00  0 4.621e+03 4.621e+00  1  0   0  0   0   1         0
7830.674 7.831  0   0  3 3.299e+03 3.299e+00  0 3.223e+03 3.223e+00  1  0   0  0   0   1         0
7822.366 7.822  0   0  6 2.856e+04 2.856e+01  6 1.233e+05 1.233e+02  1  0   0  0   0   1         0
7846.837 7.847  0   0  5 1.046e+04 1.046e+01  0 6.015e+03 6.015e+00  1  0   0  0   0   1         0
7842.784 7.843  0   0  4 1.151e+03 1.151e+00  4 1.020e+04 1.020e+01  1  0   0  0   0   1         0
7816.261 7.816  0   0  2 1.375e+04 1.375e+01  2 3.262e+03 3.262e+00  1  0   0  0   0   1         0
7892.048 7.892  0   0  3 3.259e+02 3.259e-01  0 1.171e+04 1.171e+01  1  0   0  0   0   1         0
7856.997 7.857  0   0  8 6.668e+01 6.668e-02  8 2.527e+04 2.527e+01  1  0   0  0   0   1         0
7888.832 7.889  0   0  6 6.698e+03 6.698e+00  6 3.164e+04 3.164e+01  1  0   0  0   0   1         0
7855.854 7.856  0   0  3 4.237e+03 4.237e+00  0 1.551e+04 1.551e+01  1  0   0  0   0   1         0
7949.607 7.950  0   0  1 8.890e+03 8.890e+00  0 2.926e+03 2.926e+00  1  0   0  0   0   1         0
7949.971 7.950  0   0  3 3.635e+01 3.635e-02  0 3.605e+03 3.605e+00  1  0   0  0   0   1         0
7925.985 7.926  0   0  5 1.414e+04 1.414e+01  0 2.985e+03 2.985e+00  1  0   0  0   0   1         0
7990.169 7.990  0   0  6 2.847e+02 2.847e-01  6 2.666e+02 2.666e-01  1  0   0  0   0   1         0
7974.721 7.975  0   0  3 6.268e+01 6.268e-02  0 7.769e-03 7.769e-06  1  0   0  0   0   1         0
8038.714 8.039  0   0  2 2.966e+02 2.966e-01  2 3.001e+04 3.001e+01  1  0   0  0   0   1         0
8001.739 8.002  0   0  5 1.183e+02 1.183e-01  0 1.954e+04 1.954e+01  1  0   0  0   0   1         0
8032.591 8.033  0   0  5 3.495e+03 3.495e+00  0 6.234e+03 6.234e+00  1  0   0  0   0   1         0
8041.142 8.041  0   0  2 5.970e+02 5.970e-01  2 8.973e+02 8.973e-01  1  0   0  0   0   1         0
8091.141 8.091  0   0  8 2.589e+02 2.589e-01  8 5.814e+03 5.814e+00  1  0   0  0   0   1         0
8069.902 8.070  0   0  6 5.555e+04 5.555e+01  6 1.068e+03 1.068e+00  1  0   0  0   0   1         0
8182.782 8.183  0   0  2 9.176e+03 9.176e+00  2 8.851e+03 8.851e+00  1  0   0  0   0   1         0
8235.507 8.236  0   0  1 5.175e+03 5.175e+00  0 1.955e+03 1.955e+00  1  0   0  0   0   1         0
8201.326 8.201  0   0  5 1.457e+04 1.457e+01  0 4.288e+03 4.288e+00  1  0   0  0   0   1         0
8276.071 8.276  0   0  0 6.196e+02 6.196e-01  0 1.308e+04 1.308e+01  1  0   0  0   0   1         0
8265.716 8.266  0   0  6 3.037e+03 3.037e+00  6 1.337e+03 1.337e+00  1  0   0  0   0   1         0
8278.181 8.278  0   0  2 7.175e+03 7.175e+00  2 2.839e+02 2.839e-01  1  0   0  0   0   1         0
8283.811 8.284  0   0  3 4.266e+02 4.266e-01  0 3.736e+04 3.736e+01  1  0   0  0   0   1         0
8253.298 8.253  0   0  3 4.200e+01 4.200e-02  0 2.025e+03 2.025e+00  1  0   0  0   0   1         0
8310.253 8.310  0   0  6 1.370e+02 1.370e-01  6 3.840e+02 3.840e-01  1  0   0  0   0   1         0
8344.408 8.344  0   0  1 1.694e+04 1.694e+01  0 2.947e+04 2.947e+01  1  0   0  0   0   1         0
8399.834 8.400  0   0  3 1.443e+03 1.443e+00  0 9.829e+03 9.829e+00  1  0   0  0   0   1         0
8352.205 8.352  0   0  2 3.351e+03 3.351e+00  2 4.185e+03 4.185e+00  1  0   0  0   0   1         0
8429.214 8.429  0   0  2 5.133e+02 5.133e-01  2 3.878e+04 3.878e+01  1  0   0  0   0   1         0
8406.392 8.406  0   0  2 2.296e+03 2.296e+00  2 1.238e+04 1.238e+01  1  0   0  0   0   1         0
8496.633 8.497  0   0  3 4.515e+03 4.515e+00  0 1.379e+04 1.379e+01  1  0   0  0   0   1         0
8469.551 8.470  0   0  2 1.643e+03 1.643e+00  2 2.586e+02 2.586e-01  1  0   0  0   0   1         0
8466.441 8.466  0   0  4 2.082e+03 2.082e+00  4 9.281e+03 9.281e+00  1  0   0  0   0   1         0
8512.852 8.513  0   0  6 2.042e+01 2.042e-02  6 2.007e+04 2.007e+01  1  0   0  0   0   1         0
8541.325 8.541  0   0  3 1.179e+04 1.179e+01  0 4.216e+04 4.216e+01  1  0   0  0   0   1         0
8546.368 8.546  0   0  3 1.005e+03 1.005e+00  0 2.334e+04 2.334e+01  1  0   0  0   0   1         0
8529.846 8.530  0   0  3 4.633e+04 4.633e+01  0 3.629e+04 3.629e+01  1  0   0  0   0   1         0
8533.425 8.533  0   0  4 1.999e+04 1.999e+01  4 2.951e+02 2.951e-01  1  0   0  0   0   1         0
8502.624 8.503  0   0  3 4.451e+03 4.451e+00  0 3.952e+03 3.952e+00  1  0   0  0   0   1         0
8547.271 8.547  0   0  1 1.228e+04 1.228e+01  0 2.335e+03 2.335e+00  1  0   0  0   0   1         0
8519.600 8.520  0   0  6 7.900e+00 7.900e-03  6 6.207e+03 6.207e+00  1  0   0  0   0   1         0
8558.156 8.558  0   0  3 3.757e+03 3.757e+00  0 5.629e+02 5.629e-01  1  0   0  0   0   1         0
8583.394 8.583  0   0  2 1.289e+02 1.289e-01  2 4.736e+03 4.736e+00  1  0   0  0   0   1         0
8568.813 8.569  0   0  7 8.962e+01 8.962e-02  0 4.013e+04 4.013e+01  1  0   0  0   0   1         0
8580.912 8.581  0   0  3 8.050e+03 8.050e+00  0 5.030e+04 5.030e+01  1  0   0  0   0   1         0
8552.001 8.552  0   0  6 1.550e+04 1.550e+01  6 1.033e+02 1.033e-01  1  0   0  0   0   1         0
8607.775 8.608  0   0  6 4.506e+03 4.506e+00  6 1.035e+03 1.035e+00  1  0   0  0   0   1         0
8626.720 8.627  0   0  7 1.222e+02 1.222e-01  0 1.706e+04 1.706e+01  1  0   0  0   0   1         0
8698.792 8.699  0   0  1 1.235e+04 1.235e+01  0 8.592e+03 8.592e+00  1  0   0  0   0   1         0
8692.094 8.692  0   0  7 8.016e+03 8.016e+00  0 6.014e+03 6.014e+00  1  0   0  0   0   1         0
8697.164 8.697  0   0  2 2.107e+03 2.107e+00  2 1.731e+02 1.731e-01  1  0   0  0   0   1         0
8722.279 8.722  0   0  7 6.577e+02 6.577e-01  0 6.752e+04 6.752e+01  1  0   0  0   0   1         0
8746.528 8.747  0   0  2 3.317e+01 3.317e-02  2 1.158e+02 1.158e-01  1  0   0  0   0   1         0
8730.587 8.731  0   0  3 2.585e+04 2.585e+01  0 1.202e+04 1.202e+01  1  0   0  0   0   1         0
8701.755 8.702  0   0  5 5.532e+03 5.532e+00  0 7.764e+04 7.764e+01  1  0   0  0   0   1         0
8707.863 8.708  0   0  1 7.018e+02 7.018e-01  0 7.484e+04 7.484e+01  1  0   0  0   0   1         0
8710.274 8.710  0   0  5 4.042e+03 4.042e+00  0 2.970e+03 2.970e+00  1  0   0  0   0   1         0
8783.620 8.784  0   0  2 1.583e+02 1.583e-01  2 7.805e+03 7.805e+00  1  0   0  0   0   1         0
8771.713 8.772  0   0  3 3.141e+03 3.141e+00  0 1.289e+02 1.289e-01  1  0   0  0   0   1         0
8761.414 8.761  0   0  2 2.284e+04 2.284e+01  2 1.051e+02 1.051e-01  1  0   0  0   0   1         0
8786.075 8.786  0   0  4 1.150e+04 1.150e+01  4 1.263e+04 1.263e+01  1  0   0  0   0   1         0
8758.429 8.758  0   0  4 1.662e+03 1.662e+00  4 1.458e+04 1.458e+01  1  0   0  0   0   1         0
8796.827 8.797  0   0  2 2.484e+03 2.484e+00  2 7.386e+03 7.386e+00  1  0   0  0   0   1         0
8822.960 8.823  0   0  2 5.743e+03 5.743e+00  2 4.722e+04 4.722e+01  1  0   0  0   0   1         0
8810.757 8.811  0   0  1 5.372e+02 5.372e-01  0 8.119e+03 8.119e+00  1  0   0  0   0   1         0
8837.241 8.837  0   0  4 8.135e+03 8.135e+00  4 3.694e+03 3.694e+00  1  0   0  0   0   1         0
8806.546 8.807  0   0  1 1.028e+03 1.028e+00  0 4.677e+02 4.677e-01  1  0   0  0   0   1         0
8885.230 8.885  0   0  5 9.761e+03 9.761e+00  0 5.801e+03 5.801e+00  1  0   0  0   0   1         0
8853.490 8.853  0   0  2 1.790e+03 1.790e+00  2 6.310e+03 6.310e+00  1  0   0  0   0   1         0
8874.030 8.874  0   0  2 9.938e+03 9.938e+00  2 2.149e+03 2.149e+00  1  0   0  0   0   1         0
8921.916 8.922  0   0  5 2.169e+04 2.169e+01  0 2.536e+04 2.536e+01  1  0   0  0   0   1         0
8915.126 8.915  0   0  1 3.435e+00 3.435e-03  0 7.055e+03 7.055e+00  1  0   0  0   0   1         0
8918.440 8.918  0   0  3 4.237e+03 4.237e+00  0 3.409e+02 3.409e-01  1  0   0  0   0   1         0
8911.781 8.912  0   0  5 1.648e+04 1.648e+01  0 2.853e+03 2.853e+00  1  0   0  0   0   1         0
8938.139 8.938  0   0  2 5.277e+03 5.277e+00  2 3.429e+03 3.429e+00  1  0   0  0   0   1         0
8946.493 8.946  0   0  2 3.964e+02 3.964e-01  2 9.694e+01 9.694e-02  1  0   0  0   0   1         0
8924.871 8.925  0   0  3 1.521e+04 1.521e+01  0 1.063e+03 1.063e+00  1  0   0  0   0   1         0
8932.126 8.932  0   0  5 9.635e+02 9.635e-01  0 5.663e+02 5.663e-01  1  0   0  0   0   1         0
8990.708 8.991  0   0  7 9.626e+02 9.626e-01  0 2.344e+04 2.344e+01  1  0   0  0   0   1         0
8961.744 8.962  0   0  2 1.530e+04 1.530e+01  2 5.353e-01 5.353e-04  1  0   0  0   0   1         0
8963.790 8.964  0   0  8 2.053e+01 2.053e-02  8 2.289e+02 2.289e-01  1  0   0  0   0   1         0
9037.165 9.037  0   0  5 6.124e+03 6.124e+00  0 4.697e+03 4.697e+00  1  0   0  0   0   1         0
9018.347 9.018  0   0  4 1.315e+02 1.315e-01  4 1.161e+03 1.161e+00  1  0   0  0   0   1         0
9009.292 9.009  0   0  3 1.152e+03 1.152e+00  0 5.217e+04 5.217e+01  1  0   0  0   0   1         0
9009.621 9.010  0   0  2 1.033e+03 1.033e+00  2 5.265e+02 5.265e-01  1  0   0  0   0   1         0
9020.264 9.020  0   0  2 6.942e+02 6.942e-01  2 7.572e+02 7.572e-01  1  0   0  0   0   1         0
9023.724 9.024  0   0  5 6.118e+02 6.118e-01  0 1.496e+03 1.496e+00  1  0   0  0   0   1         0
9093.251 9.093  0   0  4 2.263e+02 2.263e-01  4 6.918e+04 6.918e+01  1  0   0  0   0   1         0
9065.073 9.065  0   0  3 1.980e+04 1.980e+01  0 2.019e+04 2.019e+01  1  0   0  0   0   1         0
9080.701 9.081  0   0  4 1.139e+03 1.139e+00  4 1.640e+03 1.640e+00  1  0   0  0   0   1         0
9124.995 9.125  0   0  2 1.180e+04 1.180e+01  2 1.758e+03 1.758e+00  1  0   0  0   0   1         0
9128.870 9.129  0   0  4 1.231e+04 1.231e+01  4 5.684e+04 5.684e+01  1  0   0  0   0   1         0
9167.348 9.167  0   0  2 1.964e+04 1.964e+01  2 2.489e+04 2.489e+01  1  0   0  0   0   1         0
9181.650 9.182  0   0  7 2.075e+04 2.075e+01  0 2.280e+04 2.280e+01  1  0   0  0   0   1         0
9173.417 9.173  0   0  3 6.558e+03 6.558e+00  0 1.726e+01 1.726e-02  1  0   0  0   0   1         0
9199.317 9.199  0   0  4 4.435e+03 4.435e+00  4 8.801e+01 8.801e-02  1  0   0  0   0   1         0
9154.597 9.155  0   0  5 1.312e+01 1.312e-02  0 2.066e+04 2.066e+01  1  0   0  0   0   1         0
9243.192 9.243  0   0  5 6.411e+02 6.411e-01  0 2.385e+04 2.385e+01  1  0   0  0   0   1         0
9237.078 9.237  0   0  2 1.016e+01 1.016e-02  2 1.722e+04 1.722e+01  1  0   0  0   0   1         0
9286.961 9.287  0   0  3 2.779e+03 2.779e+00  0 1.173e+03 1.173e+00  1  0   0  0   0   1         0
9276.273 9.276  0   0  5 1.680e+03 1.680e+00  0 5.742e+02 5.742e-01  1  0   0  0   0   1         0
9345.029 9.345  0   0  1 1.984e+02 1.984e-01  0 5.072e+02 5.072e-01  1  0   0  0   0   1         0
9345.999 9.346  0   0  3 1.109e+04 1.109e+01  0 4.316e+04 4.316e+01  1  0   0  0   0   1         0
9316.322 9.316  0   0  3 8.304e+03 8.304e+00  0 3.458e+03 3.458e+00  1  0   0  0   0   1         0
9308.277 9.308  0   0  1 1.240e+04 1.240e+01  0 6.806e+02 6.806e-01  1  0   0  0   0   1         0
9310.375 9.310  0   0  5 1.499e+03 1.499e+00  0 3.646e+04 3.646e+01  1  0   0  0   0   1         0
9388.001 9.388  0   0  6 1.197e+03 1.197e+00  6 2.425e+03 2.425e+00  1  0   0  0   0   1         0
9365.095 9.365  0   0  3 5.365e+03 5.365e+00  0 5.268e+02 5.268e-01  1  0   0  0   0   1         0
9360.602 9.361  0   0  4 7.271e+03 7.271e+00  4 5.765e+03 5.765e+00  1  0   0  0   0   1         0
9384.148 9.384  0   0  1 6.799e+02 6.799e-01  0 2.001e+04 2.001e+01  1  0   0  0   0   1         0
9441.279 9.441  0   0  4 3.070e+03 3.070e+00  4 1.171e+04 1.171e+01  1  0   0  0   0   1         0
9426.930 9.427  0   0  3 3.855e+03 3.855e+00  0 7.686e+03 7.686e+00  1  0   0  0   0   1         0
9495.971 9.496  0   0  3 4.411e+04 4.411e+01  0 9.447e+02 9.447e-01  1  0   0  0   0   1         0
9474.291 9.474  0   0  1 4.438e-03 4.438e-06  0 2.270e+04 2.270e+01  1  0   0  0   0   1         0
9501.558 9.502  0   0  1 3.386e+04 3.386e+01  0 1.205e+04 1.205e+01  1  0   0  0   0   1         0
9528.095 9.528  0   0  3 2.337e+03 2.337e+00  0 1.536e+03 1.536e+00  1  0   0  0   0   1         0
9574.571 9.575  0   0  5 1.132e+03 1.132e+00  0 1.995e+03 1.995e+00  1  0   0  0   0   1         0
9587.475 9.587  0   0  8 6.042e+03 6.042e+00  8 6.535e+04 6.535e+01  1  0   0  0   0   1         0
9625.955 9.626  0   0  2 2.660e+03 2.660e+00  2 2.629e+04 2.629e+01  1  0   0  0   0   1         0
9641.372 9.641  0   0  2 4.154e+03 4.154e+00  2 7.379e+03 7.379e+00  1  0   0  0   0   1         0
9669.926 9.670  0   0  1 4.897e+02 4.897e-01  0 5.750e+03 5.750e+00  1  0   0  0   0   1         0
9687.066 9.687  0   0  4 1.376e+03 1.376e+00  4 1.362e+04 1.362e+01  1  0   0  0   0   1         0
9666.230 9.666  0   0  0 4.149e+01 4.149e-02  0 1.362e+01 1.362e-02  1  0   0  0   0   1         0
9666.088 9.666  0   0  1 5.283e+03 5.283e+00  0 2.689e+04 2.689e+01  1  0   0  0   0   1         0
9700.528 9.701  0   0  3 3.095e+02 3.095e-01  0 1.386e+04 1.386e+01  1  0   0  0   0   1         0
9708.613 9.709  0   0  3 3.898e+04 3.898e+01  0 2.603e+03 2.603e+00  1  0   0  0   0   1         0
9744.995 9.745  0   0  2 6.925e+02 6.925e-01  2 3.582e+03 3.582e+00  1  0   0  0   0   1         0
9750.880 9.751  0   0  2 6.169e+03 6.169e+00  2 2.354e+04 2.354e+01  1  0   0  0   0   1         0
9934.854 9.935  0   0  0 3.103e+03 3.103e+00  0 1.443e+03 1.443e+00  1  0   0  0   0   1         0
9969.737 9.970  0   0  5 2.884e+04 2.884e+01  0 4.194e+00 4.194e-03  1  0   0  0   0   1         0
9958.278 9.958  0   0  6 2.451e+04 2.451e+01  6 3.502e+04 3.502e+01  1  0   0  0   0   1         0
*************************************************** *************************************************** **********
Upper Limits of Resonances
Note: enter partial width upper limit by chosing non-zero va lue for PT, where PT=<theta^2> for particles and...
Note: ...PT=<B> for g-rays [enter: "upper_limit 0.0"]; for each resonance: # upper limits < # open channels!
Ecm DEcm Jr G1 DG1 L1 PT DPT G2 DG2 L2 PT DPT G3 DG3 L3 PT DPT Exf Int
497.38 0.08 2 9.28e-12 0 2 0.01 0 2.58e3 2.4e1 0 0 0 1.73 3e-2 1 0 0 0.0 1
548.16 0.10 2 3.80e-8 0 2 0.01 0 4.64e3 1.0e2 1 0 0 4.56 0.29 1 0 0 0.0 1
556.28 0.16 2 1.50e-8 0 2 0.01 0 1.44 1.6e-1 2 0 0 3.0 1.5 1 0 0 0.0 0
568.27 0.19 1 2.08e-7 0 1 0.01 0 5.40e-1 8.8e-2 1 0 0 3.0 1.5 1 0 0 0.0 0
628.43 0.10 2 2.40e-8 0 2 0.01 0 4.51e3 1.1e2 1 0 0 7.42 0.60 1 0 0 0.0 1
659.32 0.12 2 2.20e-8 0 2 0.01 0 5.40e2 5.4e1 0 0 0 3.24 0.35 1 0 0 0.0 1
665.11 0.11 4 1.44e-8 0 4 0.01 0 1.51e3 3.4e1 1 0 0 5.9e-1 2.4e-1 1 0 0 0.0 1
670.81 0.13 1 2.57e-8 0 1 0.01 0 1.26e3 1.0e2 1 0 0 7.9e-1 4.6e-1 1 0 0 0.0 1
671.59 0.12 2 1.54e-8 0 2 0.01 0 1.28e1 6.0 2 0 0 4.26 0.60 1 0 0 0.0 1
674.36 0.25 2 1.54e-8 0 2 0.01 0 1.54 0.46 1 0 0 3.0 1.5 1 0 0 0.0 0
681.21 0.13 3 1.43e-8 0 3 0.01 0 8.06e3 1.2e2 1 0 0 3.31 0.73 1 0 0 0.0 1
695.95 0.35 1 5.34e-9 0 1 0.01 0 1.12 0.40 1 0 0 3.0 1.5 1 0 0 0.0 0
711.34 0.54 1 4.11e-8 0 1 0.01 0 6.0e-1 3.2e-1 1 0 0 3.0 1.5 1 0 0 0.0 0
713.40 0.14 1 1.67e-7 0 1 0.01 0 4.24e2 8.6e1 1 0 0 3.63 0.47 1 0 0 0.0 1
714.34 0.55 1 4.12e-8 0 1 0.01 0 2.8 1.0 1 0 0 3.0 1.5 1 0 0 0.0 0
722.12 0.56 1 4.17e-8 0 1 0.01 0 1.42 0.56 1 0 0 3.0 1.5 1 0 0 0.0 0
729.15 0.15 2 4.00e-8 0 2 0.01 0 1.53e2 4.2e1 1 0 0 1.18 0.27 1 0 0 0.0 1
730.03 0.16 4 4.68e-9 0 4 0.01 0 4.13e3 1.9e2 3 0 0 1.82 0.38 1 0 0 0.0 1
777.78 0.16 5 3.34e-9 0 5 0.01 0 2.90e2 1.9e1 2 0 0 3.0 1.5 1 0 0 0.0 1
*************************************************** *************************************************** **********
Interference between Resonances [numerical integration o nly]
Note: + for positive, - for negative interference; +- if inte rference sign is unknown
Ecm DEcm Jr G1 DG1 L1 PT DPT G2 DG2 L2 PT DPT G3 DG3 L3 PT DPT Exf
!+-
0.0 0.0 0.0 0.0 0.0 0 0 0 0.0 0.0 0 0 0 0.0 0.0 0 0 0 0.0
0.0 0.0 0.0 0.0 0.0 0 0 0 0.0 0.0 0 0 0 0.0 0.0 0 0 0 0.0
*************************************************** *************************************************** **********
Comments:
1. Including results from Longland et al. 2009.
2. The 704 keV resonance is considered to be the same as the one seen in the 22Ne(a,g)26Mg reaction.
References: Longland et al. [135].
