26Si(a,p)29P
*************************************************** *************************************************** **********
2 ! Zproj
14 ! Ztarget
1 ! Zexitparticle (=0 when only 2 channels open)
4.003 ! Aproj
26 ! Atarget
1.009 ! Aexitparticle (=0 when only 2 channels open)
0.0 ! Jproj
0.0 ! Jtarget
0.5 ! Jexitparticle (=0 when only 2 channels open)
9343.16687 ! projectile separation energy (keV)
4395.376064 ! exit particle separation energy (=0 when only 2 channels open)
1.25 ! Radius parameter R0 (fm)
3 ! Gamma-ray channel number (=2 if ejectile is a g-ray; =3 otherwise)
*************************************************** *************************************************** **********
1.0 ! Minimum energy for numerical integration (keV)
1 ! Number of random samples (>5000 for better statistics )
0 ! =0 for rate output at all temperatures; =NT for rate output at selected temperatures
0 0 ! (Res, E) =0 for no correlation. =1 for correlation
*************************************************** *************************************************** **********
Nonresonant Contribution
S(keVb) S’(b) S’’(b/keV) fracErr Cutoff Energy (keV)
0.0 0.0 0.0 0.0 0.0
0.0 0.0 0.0 0.0 0.0
*************************************************** *************************************************** **********
Resonant Contribution
Note: G1 = entrance channel, G2 = exit channel, G3 = spectator channel !! Ecm, Exf in (keV); wg, Gx in (eV) !!
Note: if Er<0, theta^2=C2S*theta_sp^2 must be entered inst ead of entrance channel partial width
Ecm      DEcm  wg Dwg Jr G1        DG1       L1 G2        DG2       L2 G3 DG3 L3 Exf Int Corr/Frac
 102.297 0.102  0   0  1 9.471e+02 9.471e-01  0 8.394e+03 8.394e+00  1  0   0  0   0   1         0
 154.315 0.154  0   0  1 1.298e+04 1.298e+01  0 1.087e+04 1.087e+01  1  0   0  0   0   1         0
 288.369 0.288  0   0  2 1.272e+03 1.272e+00  2 5.523e+03 5.523e+00  1  0   0  0   0   1         0
 252.975 0.253  0   0  4 2.830e+03 2.830e+00  4 8.417e+03 8.417e+00  1  0   0  0   0   1         0
 268.624 0.269  0   0  1 2.763e+03 2.763e+00  0 2.614e+02 2.614e-01  1  0   0  0   0   1         0
 445.948 0.446  0   0  1 1.275e+03 1.275e+00  0 1.461e+01 1.461e-02  1  0   0  0   0   1         0
 431.794 0.432  0   0  2 1.050e+03 1.050e+00  2 1.269e+00 1.269e-03  1  0   0  0   0   1         0
 585.114 0.585  0   0  3 2.532e+03 2.532e+00  0 4.143e+04 4.143e+01  1  0   0  0   0   1         0
 648.154 0.648  0   0  4 1.446e+02 1.446e-01  4 4.593e+03 4.593e+00  1  0   0  0   0   1         0
 639.069 0.639  0   0  3 4.024e+04 4.024e+01  0 1.970e+03 1.970e+00  1  0   0  0   0   1         0
 737.465 0.737  0   0  0 9.084e+03 9.084e+00  0 1.224e+05 1.224e+02  1  0   0  0   0   1         0
 717.283 0.717  0   0  6 1.881e+03 1.881e+00  6 1.706e+02 1.706e-01  1  0   0  0   0   1         0
 706.174 0.706  0   0  4 2.324e+04 2.324e+01  4 3.242e+01 3.242e-02  1  0   0  0   0   1         0
 902.426 0.902  0   0  1 5.690e+03 5.690e+00  0 1.906e+04 1.906e+01  1  0   0  0   0   1         0
 986.935 0.987  0   0  3 2.662e+01 2.662e-02  0 9.706e+03 9.706e+00  1  0   0  0   0   1         0
1300.226 1.300  0   0  2 5.739e+03 5.739e+00  2 3.820e+03 3.820e+00  1  0   0  0   0   1         0
1383.649 1.384  0   0  4 1.345e+03 1.345e+00  4 2.119e+03 2.119e+00  1  0   0  0   0   1         0
1361.939 1.362  0   0  2 8.386e+02 8.386e-01  2 2.773e+03 2.773e+00  1  0   0  0   0   1         0
1440.419 1.440  0   0  1 1.848e+03 1.848e+00  0 8.009e+03 8.009e+00  1  0   0  0   0   1         0
1449.938 1.450  0   0  2 2.138e+04 2.138e+01  2 4.282e+02 4.282e-01  1  0   0  0   0   1         0
1503.324 1.503  0   0  0 3.466e+00 3.466e-03  0 1.023e+04 1.023e+01  1  0   0  0   0   1         0
1670.873 1.671  0   0  4 3.269e+03 3.269e+00  4 3.946e+04 3.946e+01  1  0   0  0   0   1         0
1697.937 1.698  0   0  1 2.030e+04 2.030e+01  0 1.639e+04 1.639e+01  1  0   0  0   0   1         0
1732.532 1.733  0   0  1 6.469e+02 6.469e-01  0 5.730e+02 5.730e-01  1  0   0  0   0   1         0
1764.035 1.764  0   0  2 9.779e+03 9.779e+00  2 4.558e+03 4.558e+00  1  0   0  0   0   1         0
1899.732 1.900  0   0  3 1.102e+04 1.102e+01  0 2.043e+04 2.043e+01  1  0   0  0   0   1         0
1927.940 1.928  0   0  0 5.173e+03 5.173e+00  0 6.239e+03 6.239e+00  1  0   0  0   0   1         0
1951.768 1.952  0   0  5 1.178e+02 1.178e-01  0 4.912e+03 4.912e+00  1  0   0  0   0   1         0
2315.820 2.316  0   0  0 1.383e+02 1.383e-01  0 8.689e+01 8.689e-02  1  0   0  0   0   1         0
2510.480 2.510  0   0  1 1.725e+03 1.725e+00  0 6.541e-02 6.541e-05  1  0   0  0   0   1         0
2593.226 2.593  0   0  2 2.661e+03 2.661e+00  2 4.412e+03 4.412e+00  1  0   0  0   0   1         0
2550.063 2.550  0   0  4 7.526e+02 7.526e-01  4 1.394e+03 1.394e+00  1  0   0  0   0   1         0
2634.320 2.634  0   0  1 1.215e+03 1.215e+00  0 5.595e+01 5.595e-02  1  0   0  0   0   1         0
2785.715 2.786  0   0  0 2.492e+01 2.492e-02  0 8.411e+02 8.411e-01  1  0   0  0   0   1         0
2855.595 2.856  0   0  3 6.483e+02 6.483e-01  0 8.523e+03 8.523e+00  1  0   0  0   0   1         0
2900.240 2.900  0   0  4 8.888e+03 8.888e+00  4 1.533e+03 1.533e+00  1  0   0  0   0   1         0
2972.873 2.973  0   0  3 1.093e+04 1.093e+01  0 2.168e+04 2.168e+01  1  0   0  0   0   1         0
3010.729 3.011  0   0  2 1.120e+03 1.120e+00  2 2.111e+01 2.111e-02  1  0   0  0   0   1         0
3150.941 3.151  0   0  3 7.543e+03 7.543e+00  0 3.748e+04 3.748e+01  1  0   0  0   0   1         0
3158.197 3.158  0   0  0 2.293e+02 2.293e-01  0 7.093e+02 7.093e-01  1  0   0  0   0   1         0
3186.147 3.186  0   0  6 1.783e-01 1.783e-04  6 3.820e+02 3.820e-01  1  0   0  0   0   1         0
3243.958 3.244  0   0  1 2.834e+01 2.834e-02  0 2.060e+03 2.060e+00  1  0   0  0   0   1         0
3226.667 3.227  0   0  4 3.662e+00 3.662e-03  4 1.269e+03 1.269e+00  1  0   0  0   0   1         0
3230.954 3.231  0   0  1 4.340e+03 4.340e+00  0 3.722e+03 3.722e+00  1  0   0  0   0   1         0
3386.165 3.386  0   0  4 5.389e+04 5.389e+01  4 2.133e+04 2.133e+01  1  0   0  0   0   1         0
3378.195 3.378  0   0  2 9.826e+01 9.826e-02  2 3.700e+03 3.700e+00  1  0   0  0   0   1         0
3457.387 3.457  0   0  5 3.536e+02 3.536e-01  0 3.044e+04 3.044e+01  1  0   0  0   0   1         0
3510.497 3.510  0   0  4 1.595e+03 1.595e+00  4 1.635e+04 1.635e+01  1  0   0  0   0   1         0
3523.324 3.523  0   0  4 1.949e+04 1.949e+01  4 2.156e+04 2.156e+01  1  0   0  0   0   1         0
3536.544 3.537  0   0  1 7.722e+03 7.722e+00  0 1.475e+04 1.475e+01  1  0   0  0   0   1         0
3569.568 3.570  0   0  1 4.304e+03 4.304e+00  0 3.970e+03 3.970e+00  1  0   0  0   0   1         0
3646.726 3.647  0   0  2 4.298e+02 4.298e-01  2 3.684e+03 3.684e+00  1  0   0  0   0   1         0
3758.040 3.758  0   0  3 1.280e+03 1.280e+00  0 2.321e+02 2.321e-01  1  0   0  0   0   1         0
3943.962 3.944  0   0  1 4.535e+02 4.535e-01  0 6.475e+03 6.475e+00  1  0   0  0   0   1         0
3962.805 3.963  0   0  2 3.418e+04 3.418e+01  2 5.823e+03 5.823e+00  1  0   0  0   0   1         0
3952.222 3.952  0   0  1 9.648e+02 9.648e-01  0 3.415e+04 3.415e+01  1  0   0  0   0   1         0
4049.254 4.049  0   0  6 2.108e+02 2.108e-01  6 2.808e+04 2.808e+01  1  0   0  0   0   1         0
4077.517 4.078  0   0  1 7.122e+02 7.122e-01  0 2.914e+04 2.914e+01  1  0   0  0   0   1         0
4137.047 4.137  0   0  1 1.530e+03 1.530e+00  0 1.783e+04 1.783e+01  1  0   0  0   0   1         0
4160.579 4.161  0   0  6 1.616e+02 1.616e-01  6 2.390e+02 2.390e-01  1  0   0  0   0   1         0
4221.008 4.221  0   0  1 6.631e+03 6.631e+00  0 3.367e+04 3.367e+01  1  0   0  0   0   1         0
4222.828 4.223  0   0  2 6.852e+02 6.852e-01  2 6.167e+02 6.167e-01  1  0   0  0   0   1         0
4394.513 4.395  0   0  4 2.979e+03 2.979e+00  4 6.679e+03 6.679e+00  1  0   0  0   0   1         0
4471.990 4.472  0   0  0 3.113e+04 3.113e+01  0 7.374e+03 7.374e+00  1  0   0  0   0   1         0
4456.711 4.457  0   0  1 1.003e+01 1.003e-02  0 4.628e+04 4.628e+01  1  0   0  0   0   1         0
4530.648 4.531  0   0  2 1.781e+03 1.781e+00  2 8.315e+02 8.315e-01  1  0   0  0   0   1         0
4573.683 4.574  0   0  0 2.240e+04 2.240e+01  0 5.954e+01 5.954e-02  1  0   0  0   0   1         0
4639.875 4.640  0   0  4 4.988e+02 4.988e-01  4 4.550e+03 4.550e+00  1  0   0  0   0   1         0
4631.356 4.631  0   0  0 4.277e+01 4.277e-02  0 3.948e+02 3.948e-01  1  0   0  0   0   1         0
4637.717 4.638  0   0  3 1.714e+03 1.714e+00  0 2.416e+03 2.416e+00  1  0   0  0   0   1         0
4673.281 4.673  0   0  3 4.148e+03 4.148e+00  0 7.450e+02 7.450e-01  1  0   0  0   0   1         0
4792.409 4.792  0   0  0 2.245e+03 2.245e+00  0 1.697e+04 1.697e+01  1  0   0  0   0   1         0
4826.775 4.827  0   0  1 2.940e+04 2.940e+01  0 1.611e+04 1.611e+01  1  0   0  0   0   1         0
4833.183 4.833  0   0  3 6.921e+03 6.921e+00  0 4.268e+04 4.268e+01  1  0   0  0   0   1         0
4882.534 4.883  0   0  2 2.150e+03 2.150e+00  2 1.995e+02 1.995e-01  1  0   0  0   0   1         0
4867.298 4.867  0   0  3 1.184e+03 1.184e+00  0 1.948e+04 1.948e+01  1  0   0  0   0   1         0
4912.478 4.912  0   0  0 8.406e+02 8.406e-01  0 1.906e+03 1.906e+00  1  0   0  0   0   1         0
4933.562 4.934  0   0  5 4.554e+02 4.554e-01  0 1.362e+04 1.362e+01  1  0   0  0   0   1         0
5030.416 5.030  0   0  4 5.991e+00 5.991e-03  4 3.379e+04 3.379e+01  1  0   0  0   0   1         0
5012.686 5.013  0   0  2 2.590e+04 2.590e+01  2 2.462e+03 2.462e+00  1  0   0  0   0   1         0
5031.188 5.031  0   0  2 4.742e+03 4.742e+00  2 1.414e+03 1.414e+00  1  0   0  0   0   1         0
5015.945 5.016  0   0  5 1.296e+04 1.296e+01  0 1.660e+04 1.660e+01  1  0   0  0   0   1         0
5048.798 5.049  0   0  4 2.565e+03 2.565e+00  4 1.369e+03 1.369e+00  1  0   0  0   0   1         0
5019.896 5.020  0   0  1 7.380e+02 7.380e-01  0 3.986e+03 3.986e+00  1  0   0  0   0   1         0
5090.747 5.091  0   0  0 6.258e-01 6.258e-04  0 2.149e+04 2.149e+01  1  0   0  0   0   1         0
5092.984 5.093  0   0  0 8.950e+03 8.950e+00  0 3.608e+03 3.608e+00  1  0   0  0   0   1         0
5121.048 5.121  0   0  3 2.512e+04 2.512e+01  0 1.150e+02 1.150e-01  1  0   0  0   0   1         0
5189.473 5.189  0   0  1 1.691e+04 1.691e+01  0 2.967e+02 2.967e-01  1  0   0  0   0   1         0
5208.762 5.209  0   0  2 3.422e+03 3.422e+00  2 1.274e+04 1.274e+01  1  0   0  0   0   1         0
5349.599 5.350  0   0  6 7.180e+03 7.180e+00  6 2.403e+03 2.403e+00  1  0   0  0   0   1         0
5421.138 5.421  0   0  3 1.386e+03 1.386e+00  0 2.593e+04 2.593e+01  1  0   0  0   0   1         0
5402.551 5.403  0   0  2 1.148e+03 1.148e+00  2 2.193e+04 2.193e+01  1  0   0  0   0   1         0
5494.611 5.495  0   0  0 1.625e+04 1.625e+01  0 5.590e+02 5.590e-01  1  0   0  0   0   1         0
5503.349 5.503  0   0  0 2.114e+03 2.114e+00  0 2.878e+01 2.878e-02  1  0   0  0   0   1         0
5502.619 5.503  0   0  4 3.134e+02 3.134e-01  4 3.079e+04 3.079e+01  1  0   0  0   0   1         0
5726.833 5.727  0   0  4 9.553e+01 9.553e-02  4 1.605e+04 1.605e+01  1  0   0  0   0   1         0
5787.529 5.788  0   0  3 2.398e+03 2.398e+00  0 1.139e+03 1.139e+00  1  0   0  0   0   1         0
5775.092 5.775  0   0  3 3.451e+02 3.451e-01  0 2.465e+04 2.465e+01  1  0   0  0   0   1         0
5899.515 5.900  0   0  2 1.714e+03 1.714e+00  2 9.581e+04 9.581e+01  1  0   0  0   0   1         0
5856.803 5.857  0   0  0 5.413e+02 5.413e-01  0 1.982e+03 1.982e+00  1  0   0  0   0   1         0
5882.566 5.883  0   0  2 3.404e+03 3.404e+00  2 1.418e+04 1.418e+01  1  0   0  0   0   1         0
5952.449 5.952  0   0  2 7.517e+02 7.517e-01  2 1.765e+04 1.765e+01  1  0   0  0   0   1         0
5979.956 5.980  0   0  2 1.649e+03 1.649e+00  2 6.473e+03 6.473e+00  1  0   0  0   0   1         0
6028.491 6.028  0   0  3 5.003e+02 5.003e-01  0 1.074e+04 1.074e+01  1  0   0  0   0   1         0
6094.621 6.095  0   0  2 2.517e+03 2.517e+00  2 8.392e+01 8.392e-02  1  0   0  0   0   1         0
6129.547 6.130  0   0  1 5.795e+03 5.795e+00  0 2.332e+02 2.332e-01  1  0   0  0   0   1         0
6171.388 6.171  0   0  0 1.437e+04 1.437e+01  0 3.029e+03 3.029e+00  1  0   0  0   0   1         0
6158.958 6.159  0   0  3 4.684e+02 4.684e-01  0 2.736e+02 2.736e-01  1  0   0  0   0   1         0
6281.201 6.281  0   0  4 8.121e+03 8.121e+00  4 6.581e+03 6.581e+00  1  0   0  0   0   1         0
6256.201 6.256  0   0  2 2.979e+04 2.979e+01  2 2.249e+04 2.249e+01  1  0   0  0   0   1         0
6348.950 6.349  0   0  2 1.755e+03 1.755e+00  2 3.889e+02 3.889e-01  1  0   0  0   0   1         0
6325.160 6.325  0   0  1 1.184e+02 1.184e-01  0 8.493e+03 8.493e+00  1  0   0  0   0   1         0
6324.912 6.325  0   0  2 2.068e+03 2.068e+00  2 5.059e+04 5.059e+01  1  0   0  0   0   1         0
6348.569 6.349  0   0  2 1.204e+03 1.204e+00  2 7.787e+03 7.787e+00  1  0   0  0   0   1         0
6433.128 6.433  0   0  2 1.327e+03 1.327e+00  2 2.124e+02 2.124e-01  1  0   0  0   0   1         0
6427.930 6.428  0   0  3 1.681e+03 1.681e+00  0 7.623e+03 7.623e+00  1  0   0  0   0   1         0
6463.030 6.463  0   0  3 5.537e+03 5.537e+00  0 6.135e+04 6.135e+01  1  0   0  0   0   1         0
6491.456 6.491  0   0  5 1.649e+01 1.649e-02  0 1.648e+04 1.648e+01  1  0   0  0   0   1         0
6496.430 6.496  0   0  2 9.518e+03 9.518e+00  2 3.463e+04 3.463e+01  1  0   0  0   0   1         0
6528.449 6.528  0   0  2 2.863e+02 2.863e-01  2 5.848e+03 5.848e+00  1  0   0  0   0   1         0
6598.296 6.598  0   0  1 4.057e+03 4.057e+00  0 3.326e+03 3.326e+00  1  0   0  0   0   1         0
6598.206 6.598  0   0  4 2.577e+03 2.577e+00  4 4.283e+03 4.283e+00  1  0   0  0   0   1         0
6592.876 6.593  0   0  2 1.557e+02 1.557e-01  2 2.678e+04 2.678e+01  1  0   0  0   0   1         0
6615.349 6.615  0   0  5 6.380e+00 6.380e-03  0 5.099e+03 5.099e+00  1  0   0  0   0   1         0
6658.270 6.658  0   0  2 2.367e+03 2.367e+00  2 1.089e+03 1.089e+00  1  0   0  0   0   1         0
6683.577 6.684  0   0  1 1.315e+03 1.315e+00  0 6.264e+04 6.264e+01  1  0   0  0   0   1         0
6790.554 6.791  0   0  6 7.238e+01 7.238e-02  6 3.297e+04 3.297e+01  1  0   0  0   0   1         0
6821.616 6.822  0   0  0 6.501e+03 6.501e+00  0 4.132e+04 4.132e+01  1  0   0  0   0   1         0
6821.718 6.822  0   0  6 1.252e+04 1.252e+01  6 8.488e+01 8.488e-02  1  0   0  0   0   1         0
6857.874 6.858  0   0  5 3.639e+03 3.639e+00  0 8.504e+02 8.504e-01  1  0   0  0   0   1         0
6876.907 6.877  0   0  6 9.871e+01 9.871e-02  6 1.401e+04 1.401e+01  1  0   0  0   0   1         0
6948.809 6.949  0   0  5 2.804e+04 2.804e+01  0 2.130e+04 2.130e+01  1  0   0  0   0   1         0
7077.191 7.077  0   0  5 2.590e+03 2.590e+00  0 3.540e+03 3.540e+00  1  0   0  0   0   1         0
7119.591 7.120  0   0  4 2.209e+03 2.209e+00  4 5.885e+02 5.885e-01  1  0   0  0   0   1         0
7104.493 7.104  0   0  6 5.311e+02 5.311e-01  6 5.546e+04 5.546e+01  1  0   0  0   0   1         0
7103.876 7.104  0   0  2 2.679e+01 2.679e-02  2 9.511e+01 9.511e-02  1  0   0  0   0   1         0
7178.444 7.178  0   0  3 4.525e+02 4.525e-01  0 9.542e+03 9.542e+00  1  0   0  0   0   1         0
7195.628 7.196  0   0  6 1.344e+03 1.344e+00  6 1.211e+03 1.211e+00  1  0   0  0   0   1         0
7176.877 7.177  0   0  6 1.589e+03 1.589e+00  6 6.972e+03 6.972e+00  1  0   0  0   0   1         0
7216.051 7.216  0   0  3 5.630e+03 5.630e+00  0 1.240e+03 1.240e+00  1  0   0  0   0   1         0
7258.453 7.258  0   0  1 1.279e+02 1.279e-01  0 6.411e+03 6.411e+00  1  0   0  0   0   1         0
7296.837 7.297  0   0  2 2.536e+03 2.536e+00  2 1.059e+02 1.059e-01  1  0   0  0   0   1         0
7361.410 7.361  0   0  0 1.844e+04 1.844e+01  0 8.632e+01 8.632e-02  1  0   0  0   0   1         0
7381.895 7.382  0   0  3 9.286e+03 9.286e+00  0 1.037e+04 1.037e+01  1  0   0  0   0   1         0
7431.568 7.432  0   0  2 5.388e+03 5.388e+00  2 4.285e+03 4.285e+00  1  0   0  0   0   1         0
7475.304 7.475  0   0  3 7.780e+03 7.780e+00  0 9.353e+02 9.353e-01  1  0   0  0   0   1         0
7537.375 7.537  0   0  1 3.122e+03 3.122e+00  0 1.787e+04 1.787e+01  1  0   0  0   0   1         0
7544.740 7.545  0   0  1 1.421e+03 1.421e+00  0 5.155e+02 5.155e-01  1  0   0  0   0   1         0
7513.642 7.514  0   0  2 1.799e+02 1.799e-01  2 1.384e+04 1.384e+01  1  0   0  0   0   1         0
7505.542 7.506  0   0  2 9.307e+03 9.307e+00  2 2.359e+04 2.359e+01  1  0   0  0   0   1         0
7547.805 7.548  0   0  4 6.436e+02 6.436e-01  4 7.376e+02 7.376e-01  1  0   0  0   0   1         0
7507.729 7.508  0   0  2 6.445e+02 6.445e-01  2 4.063e+02 4.063e-01  1  0   0  0   0   1         0
7509.893 7.510  0   0  1 1.514e+03 1.514e+00  0 1.810e+04 1.810e+01  1  0   0  0   0   1         0
7574.912 7.575  0   0  3 1.752e+04 1.752e+01  0 2.083e+04 2.083e+01  1  0   0  0   0   1         0
7582.164 7.582  0   0  0 2.774e+00 2.774e-03  0 5.795e+03 5.795e+00  1  0   0  0   0   1         0
7593.366 7.593  0   0  2 3.421e+03 3.421e+00  2 2.800e+02 2.800e-01  1  0   0  0   0   1         0
7599.942 7.600  0   0  4 1.331e+04 1.331e+01  4 2.344e+03 2.344e+00  1  0   0  0   0   1         0
7613.417 7.613  0   0  5 1.319e+03 1.319e+00  0 2.082e+03 2.082e+00  1  0   0  0   0   1         0
7630.330 7.630  0   0  1 3.728e+01 3.728e-02  0 3.849e+03 3.849e+00  1  0   0  0   0   1         0
7684.080 7.684  0   0  1 1.086e+04 1.086e+01  0 4.490e+04 4.490e+01  1  0   0  0   0   1         0
7659.606 7.660  0   0  3 1.101e+04 1.101e+01  0 1.809e+03 1.809e+00  1  0   0  0   0   1         0
7713.242 7.713  0   0  2 7.109e+02 7.109e-01  2 1.888e+04 1.888e+01  1  0   0  0   0   1         0
7721.513 7.722  0   0  4 3.694e+03 3.694e+00  4 1.026e+03 1.026e+00  1  0   0  0   0   1         0
7790.507 7.791  0   0  2 7.849e+03 7.849e+00  2 8.457e+02 8.457e-01  1  0   0  0   0   1         0
7754.457 7.754  0   0  2 2.552e+03 2.552e+00  2 1.056e+04 1.056e+01  1  0   0  0   0   1         0
7849.150 7.849  0   0  1 7.245e+03 7.245e+00  0 2.268e+02 2.268e-01  1  0   0  0   0   1         0
7820.607 7.821  0   0  1 3.816e+02 3.816e-01  0 1.987e+03 1.987e+00  1  0   0  0   0   1         0
7820.183 7.820  0   0  4 1.034e+04 1.034e+01  4 1.782e+03 1.782e+00  1  0   0  0   0   1         0
7846.172 7.846  0   0  0 5.606e+02 5.606e-01  0 6.220e+02 6.220e-01  1  0   0  0   0   1         0
7889.156 7.889  0   0  1 2.836e+01 2.836e-02  0 2.218e+03 2.218e+00  1  0   0  0   0   1         0
7860.557 7.861  0   0  3 1.828e+02 1.828e-01  0 5.682e+04 5.682e+01  1  0   0  0   0   1         0
7895.874 7.896  0   0  2 1.599e+04 1.599e+01  2 1.658e+04 1.658e+01  1  0   0  0   0   1         0
7892.558 7.893  0   0  3 9.201e+02 9.201e-01  0 1.347e+03 1.347e+00  1  0   0  0   0   1         0
7892.427 7.892  0   0  2 3.870e+03 3.870e+00  2 2.035e+04 2.035e+01  1  0   0  0   0   1         0
7912.348 7.912  0   0  3 9.944e+03 9.944e+00  0 4.669e+04 4.669e+01  1  0   0  0   0   1         0
7936.838 7.937  0   0  1 4.863e+03 4.863e+00  0 4.033e+03 4.033e+00  1  0   0  0   0   1         0
7964.215 7.964  0   0  1 1.008e+03 1.008e+00  0 2.691e+03 2.691e+00  1  0   0  0   0   1         0
7989.400 7.989  0   0  3 1.197e+04 1.197e+01  0 1.150e+03 1.150e+00  1  0   0  0   0   1         0
8078.504 8.079  0   0  2 3.385e+01 3.385e-02  2 3.164e+04 3.164e+01  1  0   0  0   0   1         0
8120.127 8.120  0   0  1 1.496e+04 1.496e+01  0 3.634e+04 3.634e+01  1  0   0  0   0   1         0
8147.321 8.147  0   0  2 9.171e+03 9.171e+00  2 7.219e+04 7.219e+01  1  0   0  0   0   1         0
8102.607 8.103  0   0  3 7.736e+03 7.736e+00  0 5.377e+03 5.377e+00  1  0   0  0   0   1         0
8137.720 8.138  0   0  3 4.510e+02 4.510e-01  0 2.317e+04 2.317e+01  1  0   0  0   0   1         0
8179.224 8.179  0   0  1 3.176e+02 3.176e-01  0 1.921e+02 1.921e-01  1  0   0  0   0   1         0
8157.200 8.157  0   0  0 1.951e+02 1.951e-01  0 8.185e+03 8.185e+00  1  0   0  0   0   1         0
8198.649 8.199  0   0  3 1.660e+04 1.660e+01  0 6.478e+03 6.478e+00  1  0   0  0   0   1         0
8195.248 8.195  0   0  2 1.330e+03 1.330e+00  2 6.831e+02 6.831e-01  1  0   0  0   0   1         0
8196.180 8.196  0   0  1 2.617e+02 2.617e-01  0 2.747e+04 2.747e+01  1  0   0  0   0   1         0
8234.548 8.235  0   0  0 8.551e+03 8.551e+00  0 1.113e+03 1.113e+00  1  0   0  0   0   1         0
8242.960 8.243  0   0  5 9.664e+02 9.664e-01  0 1.992e+03 1.992e+00  1  0   0  0   0   1         0
8281.351 8.281  0   0  3 5.872e+03 5.872e+00  0 4.735e+03 4.735e+00  1  0   0  0   0   1         0
8280.778 8.281  0   0  0 5.490e+02 5.490e-01  0 1.644e+04 1.644e+01  1  0   0  0   0   1         0
8281.434 8.281  0   0  4 3.335e+03 3.335e+00  4 5.296e+03 5.296e+00  1  0   0  0   0   1         0
8256.885 8.257  0   0  3 2.395e+04 2.395e+01  0 6.650e+03 6.650e+00  1  0   0  0   0   1         0
8284.909 8.285  0   0  4 5.732e+01 5.732e-02  4 5.501e+03 5.501e+00  1  0   0  0   0   1         0
8324.939 8.325  0   0  2 3.633e+02 3.633e-01  2 4.425e+03 4.425e+00  1  0   0  0   0   1         0
8323.679 8.324  0   0  4 1.148e+01 1.148e-02  4 5.645e+02 5.645e-01  1  0   0  0   0   1         0
8348.148 8.348  0   0  1 4.634e+03 4.634e+00  0 1.053e+04 1.053e+01  1  0   0  0   0   1         0
8388.165 8.388  0   0  5 2.778e+03 2.778e+00  0 2.875e+04 2.875e+01  1  0   0  0   0   1         0
8361.715 8.362  0   0  1 7.673e+02 7.673e-01  0 6.600e+03 6.600e+00  1  0   0  0   0   1         0
8443.114 8.443  0   0  1 2.148e+03 2.148e+00  0 2.160e+04 2.160e+01  1  0   0  0   0   1         0
8446.706 8.447  0   0  1 3.355e+03 3.355e+00  0 6.061e+03 6.061e+00  1  0   0  0   0   1         0
8410.353 8.410  0   0  2 7.927e+03 7.927e+00  2 2.593e+03 2.593e+00  1  0   0  0   0   1         0
8426.669 8.427  0   0  1 1.353e+04 1.353e+01  0 1.231e+03 1.231e+00  1  0   0  0   0   1         0
8441.775 8.442  0   0  3 4.970e+00 4.970e-03  0 7.430e+02 7.430e-01  1  0   0  0   0   1         0
8463.940 8.464  0   0  0 1.339e+04 1.339e+01  0 9.112e+03 9.112e+00  1  0   0  0   0   1         0
8453.305 8.453  0   0  2 5.724e+01 5.724e-02  2 7.565e+02 7.565e-01  1  0   0  0   0   1         0
8527.698 8.528  0   0  4 7.081e+03 7.081e+00  4 6.724e+04 6.724e+01  1  0   0  0   0   1         0
8507.618 8.508  0   0  1 2.529e+03 2.529e+00  0 1.194e+03 1.194e+00  1  0   0  0   0   1         0
8510.287 8.510  0   0  2 2.142e+03 2.142e+00  2 9.257e+03 9.257e+00  1  0   0  0   0   1         0
8590.658 8.591  0   0  2 3.466e+02 3.466e-01  2 4.975e+04 4.975e+01  1  0   0  0   0   1         0
8585.763 8.586  0   0  0 8.468e+03 8.468e+00  0 4.228e+04 4.228e+01  1  0   0  0   0   1         0
8555.221 8.555  0   0  3 6.783e+01 6.783e-02  0 9.388e+03 9.388e+00  1  0   0  0   0   1         0
8573.969 8.574  0   0  2 3.704e+03 3.704e+00  2 1.620e+04 1.620e+01  1  0   0  0   0   1         0
8580.378 8.580  0   0  4 1.340e+04 1.340e+01  4 6.167e+03 6.167e+00  1  0   0  0   0   1         0
8562.441 8.562  0   0  6 7.356e+03 7.356e+00  6 7.247e+02 7.247e-01  1  0   0  0   0   1         0
8552.164 8.552  0   0  2 5.144e+02 5.144e-01  2 3.392e+03 3.392e+00  1  0   0  0   0   1         0
8561.332 8.561  0   0  1 4.484e+03 4.484e+00  0 1.577e+03 1.577e+00  1  0   0  0   0   1         0
8572.961 8.573  0   0  7 2.518e+02 2.518e-01  0 1.210e+04 1.210e+01  1  0   0  0   0   1         0
8603.619 8.604  0   0  5 3.008e+03 3.008e+00  0 4.726e+03 4.726e+00  1  0   0  0   0   1         0
8623.975 8.624  0   0  4 1.491e+02 1.491e-01  4 5.529e+02 5.529e-01  1  0   0  0   0   1         0
8637.843 8.638  0   0  0 9.120e+02 9.120e-01  0 4.614e+03 4.614e+00  1  0   0  0   0   1         0
8614.429 8.614  0   0  3 8.683e+02 8.683e-01  0 9.410e+03 9.410e+00  1  0   0  0   0   1         0
8616.941 8.617  0   0  4 1.311e+02 1.311e-01  4 1.462e+03 1.462e+00  1  0   0  0   0   1         0
8669.899 8.670  0   0  0 2.949e+03 2.949e+00  0 1.994e+04 1.994e+01  1  0   0  0   0   1         0
8690.639 8.691  0   0  0 4.176e+03 4.176e+00  0 1.924e+03 1.924e+00  1  0   0  0   0   1         0
8669.084 8.669  0   0  4 2.423e+04 2.423e+01  4 4.695e+03 4.695e+00  1  0   0  0   0   1         0
8676.725 8.677  0   0  1 1.256e+03 1.256e+00  0 6.247e+00 6.247e-03  1  0   0  0   0   1         0
8679.871 8.680  0   0  5 1.165e+03 1.165e+00  0 4.065e+02 4.065e-01  1  0   0  0   0   1         0
8747.311 8.747  0   0  3 2.827e+03 2.827e+00  0 2.978e+04 2.978e+01  1  0   0  0   0   1         0
8713.445 8.713  0   0  3 1.009e+03 1.009e+00  0 3.641e+03 3.641e+00  1  0   0  0   0   1         0
8725.400 8.725  0   0  4 3.651e+02 3.651e-01  4 1.646e+03 1.646e+00  1  0   0  0   0   1         0
8704.601 8.705  0   0  2 6.827e+03 6.827e+00  2 3.096e+03 3.096e+00  1  0   0  0   0   1         0
8721.376 8.721  0   0  3 5.077e+02 5.077e-01  0 1.349e+03 1.349e+00  1  0   0  0   0   1         0
8746.556 8.747  0   0  1 1.057e+04 1.057e+01  0 9.111e+03 9.111e+00  1  0   0  0   0   1         0
8785.835 8.786  0   0  3 3.171e+03 3.171e+00  0 3.712e+01 3.712e-02  1  0   0  0   0   1         0
8799.646 8.800  0   0  1 8.665e+02 8.665e-01  0 3.400e+03 3.400e+00  1  0   0  0   0   1         0
8767.250 8.767  0   0  2 7.054e+00 7.054e-03  2 1.754e+04 1.754e+01  1  0   0  0   0   1         0
8758.248 8.758  0   0  3 1.099e+03 1.099e+00  0 1.824e+04 1.824e+01  1  0   0  0   0   1         0
8844.844 8.845  0   0  4 1.054e+04 1.054e+01  4 5.178e+04 5.178e+01  1  0   0  0   0   1         0
8821.900 8.822  0   0  8 8.765e+03 8.765e+00  8 1.120e+04 1.120e+01  1  0   0  0   0   1         0
8888.636 8.889  0   0  1 1.713e+03 1.713e+00  0 3.852e+04 3.852e+01  1  0   0  0   0   1         0
8890.076 8.890  0   0  2 2.804e+03 2.804e+00  2 1.571e+03 1.571e+00  1  0   0  0   0   1         0
8880.292 8.880  0   0  1 1.375e+03 1.375e+00  0 4.053e+03 4.053e+00  1  0   0  0   0   1         0
8892.931 8.893  0   0  1 4.021e+04 4.021e+01  0 8.277e+04 8.277e+01  1  0   0  0   0   1         0
8854.958 8.855  0   0  1 1.124e+04 1.124e+01  0 1.646e+03 1.646e+00  1  0   0  0   0   1         0
8955.829 8.956  0   0  0 4.117e+03 4.117e+00  0 1.081e+02 1.081e-01  1  0   0  0   0   1         0
8978.360 8.978  0   0  1 5.397e+03 5.397e+00  0 5.596e+04 5.596e+01  1  0   0  0   0   1         0
8986.188 8.986  0   0  1 1.160e+03 1.160e+00  0 1.467e+04 1.467e+01  1  0   0  0   0   1         0
9007.834 9.008  0   0  0 1.444e+02 1.444e-01  0 6.277e+04 6.277e+01  1  0   0  0   0   1         0
9005.222 9.005  0   0  2 2.273e+03 2.273e+00  2 8.566e+02 8.566e-01  1  0   0  0   0   1         0
9049.988 9.050  0   0  1 6.486e+03 6.486e+00  0 3.561e+01 3.561e-02  1  0   0  0   0   1         0
9022.805 9.023  0   0  2 3.022e+04 3.022e+01  2 3.405e+04 3.405e+01  1  0   0  0   0   1         0
9043.643 9.044  0   0  2 1.507e+03 1.507e+00  2 2.090e+03 2.090e+00  1  0   0  0   0   1         0
9024.156 9.024  0   0  2 7.195e+02 7.195e-01  2 9.200e+02 9.200e-01  1  0   0  0   0   1         0
9046.129 9.046  0   0  4 1.673e+03 1.673e+00  4 6.791e+03 6.791e+00  1  0   0  0   0   1         0
9068.978 9.069  0   0  5 9.865e+03 9.865e+00  0 4.367e+03 4.367e+00  1  0   0  0   0   1         0
9079.412 9.079  0   0  7 8.015e+03 8.015e+00  0 1.503e+04 1.503e+01  1  0   0  0   0   1         0
9098.315 9.098  0   0  4 4.370e+03 4.370e+00  4 2.753e+04 2.753e+01  1  0   0  0   0   1         0
9076.136 9.076  0   0  0 3.477e+03 3.477e+00  0 3.070e+04 3.070e+01  1  0   0  0   0   1         0
9121.047 9.121  0   0  1 9.724e+01 9.724e-02  0 1.819e+04 1.819e+01  1  0   0  0   0   1         0
9109.428 9.109  0   0  2 4.190e+04 4.190e+01  2 9.261e+03 9.261e+00  1  0   0  0   0   1         0
9116.984 9.117  0   0  2 1.735e+01 1.735e-02  2 4.421e+01 4.421e-02  1  0   0  0   0   1         0
9135.220 9.135  0   0  4 2.987e+04 2.987e+01  4 5.276e+03 5.276e+00  1  0   0  0   0   1         0
9171.843 9.172  0   0  5 1.643e+03 1.643e+00  0 2.941e+03 2.941e+00  1  0   0  0   0   1         0
9166.264 9.166  0   0  1 8.512e+03 8.512e+00  0 1.064e+02 1.064e-01  1  0   0  0   0   1         0
9176.122 9.176  0   0  0 7.664e+02 7.664e-01  0 7.969e+03 7.969e+00  1  0   0  0   0   1         0
9171.594 9.172  0   0  3 1.576e+03 1.576e+00  0 4.555e+02 4.555e-01  1  0   0  0   0   1         0
9179.944 9.180  0   0  4 1.512e+04 1.512e+01  4 7.781e+03 7.781e+00  1  0   0  0   0   1         0
9208.537 9.209  0   0  4 4.895e+01 4.895e-02  4 2.644e+04 2.644e+01  1  0   0  0   0   1         0
9203.466 9.203  0   0  0 3.518e+01 3.518e-02  0 1.306e+03 1.306e+00  1  0   0  0   0   1         0
9236.423 9.236  0   0  2 9.960e+03 9.960e+00  2 5.945e+03 5.945e+00  1  0   0  0   0   1         0
9214.433 9.214  0   0  1 1.204e+04 1.204e+01  0 5.411e+03 5.411e+00  1  0   0  0   0   1         0
9283.293 9.283  0   0  2 1.036e+03 1.036e+00  2 3.160e+03 3.160e+00  1  0   0  0   0   1         0
9284.292 9.284  0   0  5 6.167e+03 6.167e+00  0 1.761e+00 1.761e-03  1  0   0  0   0   1         0
9263.194 9.263  0   0  4 7.886e+03 7.886e+00  4 8.590e+03 8.590e+00  1  0   0  0   0   1         0
9270.964 9.271  0   0  2 1.328e+00 1.328e-03  2 8.516e+02 8.516e-01  1  0   0  0   0   1         0
9268.363 9.268  0   0  3 4.093e+03 4.093e+00  0 1.725e+04 1.725e+01  1  0   0  0   0   1         0
9276.108 9.276  0   0  4 6.789e+02 6.789e-01  4 2.098e+03 2.098e+00  1  0   0  0   0   1         0
9273.147 9.273  0   0  6 5.854e+03 5.854e+00  6 4.122e+03 4.122e+00  1  0   0  0   0   1         0
9324.392 9.324  0   0  1 8.563e+03 8.563e+00  0 4.046e+04 4.046e+01  1  0   0  0   0   1         0
9305.378 9.305  0   0  0 6.113e+03 6.113e+00  0 1.760e+04 1.760e+01  1  0   0  0   0   1         0
9311.861 9.312  0   0  4 3.925e+03 3.925e+00  4 1.337e+04 1.337e+01  1  0   0  0   0   1         0
9326.418 9.326  0   0  3 5.429e+03 5.429e+00  0 1.750e+04 1.750e+01  1  0   0  0   0   1         0
9303.378 9.303  0   0  3 2.573e+03 2.573e+00  0 5.711e+01 5.711e-02  1  0   0  0   0   1         0
9346.582 9.347  0   0  3 3.910e+03 3.910e+00  0 1.481e+04 1.481e+01  1  0   0  0   0   1         0
9306.208 9.306  0   0  4 4.598e+03 4.598e+00  4 9.098e+03 9.098e+00  1  0   0  0   0   1         0
9363.686 9.364  0   0  5 4.024e+03 4.024e+00  0 1.578e+04 1.578e+01  1  0   0  0   0   1         0
9376.406 9.376  0   0  3 4.009e+03 4.009e+00  0 4.723e+03 4.723e+00  1  0   0  0   0   1         0
9436.194 9.436  0   0  2 2.828e+04 2.828e+01  2 1.308e+03 1.308e+00  1  0   0  0   0   1         0
9426.023 9.426  0   0  2 1.108e+04 1.108e+01  2 1.894e+04 1.894e+01  1  0   0  0   0   1         0
9418.445 9.418  0   0  0 4.303e+03 4.303e+00  0 4.900e+04 4.900e+01  1  0   0  0   0   1         0
9402.526 9.403  0   0  3 3.423e+03 3.423e+00  0 2.416e+04 2.416e+01  1  0   0  0   0   1         0
9407.168 9.407  0   0  0 5.883e+03 5.883e+00  0 2.550e+04 2.550e+01  1  0   0  0   0   1         0
9409.674 9.410  0   0  0 2.713e+04 2.713e+01  0 6.751e+03 6.751e+00  1  0   0  0   0   1         0
9473.165 9.473  0   0  0 6.014e+02 6.014e-01  0 5.044e+02 5.044e-01  1  0   0  0   0   1         0
9471.023 9.471  0   0  3 5.139e+02 5.139e-01  0 7.643e+03 7.643e+00  1  0   0  0   0   1         0
9455.987 9.456  0   0  3 2.105e+04 2.105e+01  0 2.549e+04 2.549e+01  1  0   0  0   0   1         0
9531.041 9.531  0   0  2 1.707e+00 1.707e-03  2 6.102e+03 6.102e+00  1  0   0  0   0   1         0
9531.993 9.532  0   0  2 6.930e+02 6.930e-01  2 3.340e+03 3.340e+00  1  0   0  0   0   1         0
9534.555 9.535  0   0  1 9.595e+02 9.595e-01  0 5.912e+03 5.912e+00  1  0   0  0   0   1         0
9500.826 9.501  0   0  6 9.033e+02 9.033e-01  6 1.487e+01 1.487e-02  1  0   0  0   0   1         0
9547.910 9.548  0   0  2 1.067e+01 1.067e-02  2 1.231e+04 1.231e+01  1  0   0  0   0   1         0
9529.314 9.529  0   0  3 4.221e+03 4.221e+00  0 4.036e+01 4.036e-02  1  0   0  0   0   1         0
9539.097 9.539  0   0  3 3.497e+03 3.497e+00  0 2.516e+04 2.516e+01  1  0   0  0   0   1         0
9581.029 9.581  0   0  2 1.241e+03 1.241e+00  2 4.826e+03 4.826e+00  1  0   0  0   0   1         0
9584.866 9.585  0   0  4 1.795e+04 1.795e+01  4 3.671e+02 3.671e-01  1  0   0  0   0   1         0
9592.965 9.593  0   0  5 8.743e+01 8.743e-02  0 5.931e+04 5.931e+01  1  0   0  0   0   1         0
9556.130 9.556  0   0  2 5.500e+03 5.500e+00  2 1.728e+04 1.728e+01  1  0   0  0   0   1         0
9596.319 9.596  0   0  0 4.402e+03 4.402e+00  0 1.168e+04 1.168e+01  1  0   0  0   0   1         0
9551.304 9.551  0   0  5 1.130e+04 1.130e+01  0 1.898e+04 1.898e+01  1  0   0  0   0   1         0
9591.829 9.592  0   0  2 4.330e+02 4.330e-01  2 2.465e+04 2.465e+01  1  0   0  0   0   1         0
9553.847 9.554  0   0  5 2.486e+04 2.486e+01  0 4.233e+03 4.233e+00  1  0   0  0   0   1         0
9559.753 9.560  0   0  2 9.245e+02 9.245e-01  2 1.611e+02 1.611e-01  1  0   0  0   0   1         0
9550.195 9.550  0   0  5 4.702e+03 4.702e+00  0 4.356e+03 4.356e+00  1  0   0  0   0   1         0
9610.487 9.610  0   0  3 1.461e+04 1.461e+01  0 3.532e+04 3.532e+01  1  0   0  0   0   1         0
9641.167 9.641  0   0  4 5.435e+03 5.435e+00  4 2.344e+04 2.344e+01  1  0   0  0   0   1         0
9609.941 9.610  0   0  2 3.610e+03 3.610e+00  2 1.209e+03 1.209e+00  1  0   0  0   0   1         0
9635.859 9.636  0   0  2 1.724e+03 1.724e+00  2 5.732e+03 5.732e+00  1  0   0  0   0   1         0
9638.025 9.638  0   0  5 5.459e+01 5.459e-02  0 4.745e+03 4.745e+00  1  0   0  0   0   1         0
9673.629 9.674  0   0  2 1.121e+04 1.121e+01  2 2.764e+03 2.764e+00  1  0   0  0   0   1         0
9679.134 9.679  0   0  5 2.616e+02 2.616e-01  0 1.931e+03 1.931e+00  1  0   0  0   0   1         0
9675.084 9.675  0   0  1 5.596e+03 5.596e+00  0 6.199e+03 6.199e+00  1  0   0  0   0   1         0
9719.098 9.719  0   0  5 3.055e+02 3.055e-01  0 2.451e+01 2.451e-02  1  0   0  0   0   1         0
9743.802 9.744  0   0  5 6.031e+03 6.031e+00  0 3.568e+03 3.568e+00  1  0   0  0   0   1         0
9749.349 9.749  0   0  4 2.436e+03 2.436e+00  4 1.254e+03 1.254e+00  1  0   0  0   0   1         0
9782.172 9.782  0   0  5 5.691e+02 5.691e-01  0 7.436e+03 7.436e+00  1  0   0  0   0   1         0
9798.603 9.799  0   0  4 1.402e+03 1.402e+00  4 6.689e+02 6.689e-01  1  0   0  0   0   1         0
9762.388 9.762  0   0  4 2.074e+02 2.074e-01  4 2.117e+03 2.117e+00  1  0   0  0   0   1         0
9762.509 9.763  0   0  1 8.218e+02 8.218e-01  0 7.815e+02 7.815e-01  1  0   0  0   0   1         0
9756.991 9.757  0   0  4 1.304e+04 1.304e+01  4 1.825e+04 1.825e+01  1  0   0  0   0   1         0
9839.161 9.839  0   0  5 1.006e+04 1.006e+01  0 1.344e+04 1.344e+01  1  0   0  0   0   1         0
9810.336 9.810  0   0  3 5.170e+03 5.170e+00  0 2.396e+02 2.396e-01  1  0   0  0   0   1         0
9809.354 9.809  0   0  0 2.849e+04 2.849e+01  0 1.216e+04 1.216e+01  1  0   0  0   0   1         0
9824.885 9.825  0   0  7 2.906e+02 2.906e-01  0 3.679e+04 3.679e+01  1  0   0  0   0   1         0
9801.651 9.802  0   0  4 1.397e+03 1.397e+00  4 4.336e+02 4.336e-01  1  0   0  0   0   1         0
9811.289 9.811  0   0  0 4.854e+03 4.854e+00  0 1.113e+03 1.113e+00  1  0   0  0   0   1         0
9836.228 9.836  0   0  3 3.247e+03 3.247e+00  0 3.523e+03 3.523e+00  1  0   0  0   0   1         0
9841.888 9.842  0   0  0 7.587e+03 7.587e+00  0 9.903e+03 9.903e+00  1  0   0  0   0   1         0
9804.049 9.804  0   0  3 8.778e+03 8.778e+00  0 8.722e+03 8.722e+00  1  0   0  0   0   1         0
9862.263 9.862  0   0  1 3.051e+02 3.051e-01  0 3.337e+04 3.337e+01  1  0   0  0   0   1         0
9866.469 9.866  0   0  0 8.888e+00 8.888e-03  0 1.893e+03 1.893e+00  1  0   0  0   0   1         0
9886.578 9.887  0   0  2 5.785e+03 5.785e+00  2 6.964e+04 6.964e+01  1  0   0  0   0   1         0
9936.980 9.937  0   0  5 5.904e+03 5.904e+00  0 1.090e+04 1.090e+01  1  0   0  0   0   1         0
9923.294 9.923  0   0  2 2.315e+01 2.315e-02  2 4.446e+03 4.446e+00  1  0   0  0   0   1         0
9911.023 9.911  0   0  1 4.870e+02 4.870e-01  0 1.849e+04 1.849e+01  1  0   0  0   0   1         0
9940.646 9.941  0   0  2 2.066e+03 2.066e+00  2 2.441e+03 2.441e+00  1  0   0  0   0   1         0
9936.844 9.937  0   0  6 5.350e+03 5.350e+00  6 1.682e+04 1.682e+01  1  0   0  0   0   1         0
9911.121 9.911  0   0  2 1.207e+02 1.207e-01  2 3.638e+02 3.638e-01  1  0   0  0   0   1         0
9922.594 9.923  0   0  3 4.536e+03 4.536e+00  0 9.736e+00 9.736e-03  1  0   0  0   0   1         0
9923.173 9.923  0   0  0 5.219e+02 5.219e-01  0 3.819e+03 3.819e+00  1  0   0  0   0   1         0
9950.050 9.950  0   0  3 1.787e+02 1.787e-01  0 9.252e+03 9.252e+00  1  0   0  0   0   1         0
9958.112 9.958  0   0  0 4.566e+03 4.566e+00  0 3.496e+03 3.496e+00  1  0   0  0   0   1         0
9954.690 9.955  0   0  0 5.083e+03 5.083e+00  0 7.869e+01 7.869e-02  1  0   0  0   0   1         0
9977.517 9.978  0   0  3 6.461e+03 6.461e+00  0 6.777e+03 6.777e+00  1  0   0  0   0   1         0
9966.483 9.966  0   0  2 2.667e+02 2.667e-01  2 2.958e+04 2.958e+01  1  0   0  0   0   1         0
*************************************************** *************************************************** **********
Upper Limits of Resonances
Note: enter partial width upper limit by chosing non-zero va lue for PT, where PT=<theta^2> for particles and...
Note: ...PT=<B> for g-rays [enter: "upper_limit 0.0"]; for each resonance: # upper limits < # open channels!
Ecm DEcm Jr G1 DG1 L1 PT DPT G2 DG2 L2 PT DPT G3 DG3 L3 PT DPT Exf Int
497.38 0.08 2 9.28e-12 0 2 0.01 0 2.58e3 2.4e1 0 0 0 1.73 3e-2 1 0 0 0.0 1
548.16 0.10 2 3.80e-8 0 2 0.01 0 4.64e3 1.0e2 1 0 0 4.56 0.29 1 0 0 0.0 1
556.28 0.16 2 1.50e-8 0 2 0.01 0 1.44 1.6e-1 2 0 0 3.0 1.5 1 0 0 0.0 0
568.27 0.19 1 2.08e-7 0 1 0.01 0 5.40e-1 8.8e-2 1 0 0 3.0 1.5 1 0 0 0.0 0
628.43 0.10 2 2.40e-8 0 2 0.01 0 4.51e3 1.1e2 1 0 0 7.42 0.60 1 0 0 0.0 1
659.32 0.12 2 2.20e-8 0 2 0.01 0 5.40e2 5.4e1 0 0 0 3.24 0.35 1 0 0 0.0 1
665.11 0.11 4 1.44e-8 0 4 0.01 0 1.51e3 3.4e1 1 0 0 5.9e-1 2.4e-1 1 0 0 0.0 1
670.81 0.13 1 2.57e-8 0 1 0.01 0 1.26e3 1.0e2 1 0 0 7.9e-1 4.6e-1 1 0 0 0.0 1
671.59 0.12 2 1.54e-8 0 2 0.01 0 1.28e1 6.0 2 0 0 4.26 0.60 1 0 0 0.0 1
674.36 0.25 2 1.54e-8 0 2 0.01 0 1.54 0.46 1 0 0 3.0 1.5 1 0 0 0.0 0
681.21 0.13 3 1.43e-8 0 3 0.01 0 8.06e3 1.2e2 1 0 0 3.31 0.73 1 0 0 0.0 1
695.95 0.35 1 5.34e-9 0 1 0.01 0 1.12 0.40 1 0 0 3.0 1.5 1 0 0 0.0 0
711.34 0.54 1 4.11e-8 0 1 0.01 0 6.0e-1 3.2e-1 1 0 0 3.0 1.5 1 0 0 0.0 0
713.40 0.14 1 1.67e-7 0 1 0.01 0 4.24e2 8.6e1 1 0 0 3.63 0.47 1 0 0 0.0 1
714.34 0.55 1 4.12e-8 0 1 0.01 0 2.8 1.0 1 0 0 3.0 1.5 1 0 0 0.0 0
722.12 0.56 1 4.17e-8 0 1 0.01 0 1.42 0.56 1 0 0 3.0 1.5 1 0 0 0.0 0
729.15 0.15 2 4.00e-8 0 2 0.01 0 1.53e2 4.2e1 1 0 0 1.18 0.27 1 0 0 0.0 1
730.03 0.16 4 4.68e-9 0 4 0.01 0 4.13e3 1.9e2 3 0 0 1.82 0.38 1 0 0 0.0 1
777.78 0.16 5 3.34e-9 0 5 0.01 0 2.90e2 1.9e1 2 0 0 3.0 1.5 1 0 0 0.0 1
*************************************************** *************************************************** **********
Interference between Resonances [numerical integration o nly]
Note: + for positive, - for negative interference; +- if inte rference sign is unknown
Ecm DEcm Jr G1 DG1 L1 PT DPT G2 DG2 L2 PT DPT G3 DG3 L3 PT DPT Exf
!+-
0.0 0.0 0.0 0.0 0.0 0 0 0 0.0 0.0 0 0 0 0.0 0.0 0 0 0 0.0
0.0 0.0 0.0 0.0 0.0 0 0 0 0.0 0.0 0 0 0 0.0 0.0 0 0 0 0.0
*************************************************** *************************************************** **********
Comments:
1. Including results from Longland et al. 2009.
2. The 704 keV resonance is considered to be the same as the one seen in the 22Ne(a,g)26Mg reaction.
References: Longland et al. [135].
