22Mg(a,p)25Al
*************************************************** *************************************************** **********
2 ! Zproj
12 ! Ztarget
1 ! Zexitparticle (=0 when only 2 channels open)
4.003 ! Aproj
22 ! Atarget
1.009 ! Aexitparticle (=0 when only 2 channels open)
0.0 ! Jproj
0.0 ! Jtarget
0.5 ! Jexitparticle (=0 when only 2 channels open)
9165.92587 ! projectile separation energy (keV)
5514.00106 ! exit particle separation energy (=0 when only 2 ch annels open)
1.25 ! Radius parameter R0 (fm)
3 ! Gamma-ray channel number (=2 if ejectile is a g-ray; =3 oth erwise)
*************************************************** *************************************************** **********
1.0 ! Minimum energy for numerical integration (keV)
1 ! Number of random samples (>5000 for better statistics )
0 ! =0 for rate output at all temperatures; =NT for rate output at selected temperatures
0 0 ! (Res, E) =0 for no correlation. =1 for correlation
*************************************************** *************************************************** **********
Nonresonant Contribution
S(keVb) S’(b) S’’(b/keV) fracErr Cutoff Energy (keV)
0.0 0.0 0.0 0.0 0.0
0.0 0.0 0.0 0.0 0.0
*************************************************** *************************************************** **********
Resonant Contribution
Note: G1 = entrance channel, G2 = exit channel, G3 = spectator channel !! Ecm, Exf in (keV); wg, Gx in (eV) !!
Note: if Er<0, theta^2=C2S*theta_sp^2 must be entered inst ead of entrance channel partial width
Ecm      DEcm  wg Dwg Jr G1        DG1       L1 G2        DG2       L2 G3 DG3 L3 Exf Int Corr/Frac
 105.546 0.106  0   0  2 4.477e+01 4.477e-02  2 1.111e+03 1.111e+00  1  0   0  0   0   1         0
 169.622 0.170  0   0  0 1.535e+02 1.535e-01  0 3.943e-02 3.943e-05  1  0   0  0   0   1         0
 170.745 0.171  0   0  3 1.356e+03 1.356e+00  0 2.156e+04 2.156e+01  1  0   0  0   0   1         0
 212.949 0.213  0   0  3 6.481e+03 6.481e+00  0 2.837e+03 2.837e+00  1  0   0  0   0   1         0
 216.047 0.216  0   0  0 2.594e+03 2.594e+00  0 5.870e+02 5.870e-01  1  0   0  0   0   1         0
 212.059 0.212  0   0  0 4.334e+02 4.334e-01  0 3.174e+02 3.174e-01  1  0   0  0   0   1         0
 362.014 0.362  0   0  4 1.515e+04 1.515e+01  4 6.869e+02 6.869e-01  1  0   0  0   0   1         0
 378.369 0.378  0   0  5 7.900e+02 7.900e-01  0 5.356e+03 5.356e+00  1  0   0  0   0   1         0
 549.217 0.549  0   0  3 1.203e+04 1.203e+01  0 2.371e+04 2.371e+01  1  0   0  0   0   1         0
 560.640 0.561  0   0  3 1.233e+03 1.233e+00  0 2.308e+01 2.308e-02  1  0   0  0   0   1         0
 600.931 0.601  0   0  0 7.806e+03 7.806e+00  0 1.762e+04 1.762e+01  1  0   0  0   0   1         0
 694.385 0.694  0   0  0 6.765e+03 6.765e+00  0 6.675e+03 6.675e+00  1  0   0  0   0   1         0
 679.410 0.679  0   0  0 3.359e+00 3.359e-03  0 4.177e+02 4.177e-01  1  0   0  0   0   1         0
 656.175 0.656  0   0  5 3.531e+03 3.531e+00  0 1.935e+03 1.935e+00  1  0   0  0   0   1         0
 879.382 0.879  0   0  2 5.957e+03 5.957e+00  2 8.553e+00 8.553e-03  1  0   0  0   0   1         0
 911.299 0.911  0   0  5 7.863e+02 7.863e-01  0 8.035e+03 8.035e+00  1  0   0  0   0   1         0
1284.432 1.284  0   0  3 3.996e+03 3.996e+00  0 1.259e+05 1.259e+02  1  0   0  0   0   1         0
1326.310 1.326  0   0  4 3.312e+03 3.312e+00  4 2.295e+02 2.295e-01  1  0   0  0   0   1         0
1300.653 1.301  0   0  1 6.462e+03 6.462e+00  0 8.241e+04 8.241e+01  1  0   0  0   0   1         0
1360.326 1.360  0   0  4 5.500e+02 5.500e-01  4 1.721e+04 1.721e+01  1  0   0  0   0   1         0
1393.200 1.393  0   0  1 3.270e+03 3.270e+00  0 1.702e+04 1.702e+01  1  0   0  0   0   1         0
1478.940 1.479  0   0  0 2.145e+04 2.145e+01  0 2.357e+04 2.357e+01  1  0   0  0   0   1         0
1610.291 1.610  0   0  6 1.738e+03 1.738e+00  6 4.027e+04 4.027e+01  1  0   0  0   0   1         0
1637.263 1.637  0   0  1 4.737e+03 4.737e+00  0 4.341e+03 4.341e+00  1  0   0  0   0   1         0
1601.167 1.601  0   0  4 2.672e+03 2.672e+00  4 3.690e+03 3.690e+00  1  0   0  0   0   1         0
1656.605 1.657  0   0  0 6.518e+03 6.518e+00  0 7.520e+04 7.520e+01  1  0   0  0   0   1         0
1804.983 1.805  0   0  4 4.217e+02 4.217e-01  4 5.690e+03 5.690e+00  1  0   0  0   0   1         0
1837.751 1.838  0   0  0 2.833e+03 2.833e+00  0 1.206e+04 1.206e+01  1  0   0  0   0   1         0
1855.574 1.856  0   0  3 1.760e+04 1.760e+01  0 4.924e+02 4.924e-01  1  0   0  0   0   1         0
1862.698 1.863  0   0  2 1.149e+02 1.149e-01  2 1.039e+04 1.039e+01  1  0   0  0   0   1         0
1864.822 1.865  0   0  0 7.837e+02 7.837e-01  0 3.186e+04 3.186e+01  1  0   0  0   0   1         0
1936.833 1.937  0   0  1 1.684e+03 1.684e+00  0 1.949e+04 1.949e+01  1  0   0  0   0   1         0
1960.405 1.960  0   0  4 1.779e+02 1.779e-01  4 2.614e+02 2.614e-01  1  0   0  0   0   1         0
2020.659 2.021  0   0  1 7.297e+03 7.297e+00  0 3.681e+04 3.681e+01  1  0   0  0   0   1         0
2022.473 2.022  0   0  2 7.540e+02 7.540e-01  2 6.743e+02 6.743e-01  1  0   0  0   0   1         0
2144.391 2.144  0   0  3 3.279e+03 3.279e+00  0 7.303e+03 7.303e+00  1  0   0  0   0   1         0
2171.708 2.172  0   0  6 2.839e+03 2.839e+00  6 6.939e+02 6.939e-01  1  0   0  0   0   1         0
2156.578 2.157  0   0  1 7.833e+02 7.833e-01  0 3.670e+02 3.670e-01  1  0   0  0   0   1         0
2156.274 2.156  0   0  1 4.725e+03 4.725e+00  0 4.159e+03 4.159e+00  1  0   0  0   0   1         0
2209.349 2.209  0   0  4 8.420e+03 8.420e+00  4 6.061e+02 6.061e-01  1  0   0  0   0   1         0
2249.429 2.249  0   0  1 3.068e+01 3.068e-02  0 2.313e+04 2.313e+01  1  0   0  0   0   1         0
2387.526 2.388  0   0  1 2.536e+04 2.536e+01  0 9.989e+01 9.989e-02  1  0   0  0   0   1         0
2389.668 2.390  0   0  0 2.835e+02 2.835e-01  0 4.004e+03 4.004e+00  1  0   0  0   0   1         0
2415.940 2.416  0   0  3 2.598e+03 2.598e+00  0 9.688e+03 9.688e+00  1  0   0  0   0   1         0
2458.850 2.459  0   0  4 1.980e+01 1.980e-02  4 4.173e+04 4.173e+01  1  0   0  0   0   1         0
2483.886 2.484  0   0  7 3.464e+03 3.464e+00  0 2.373e+03 2.373e+00  1  0   0  0   0   1         0
2518.297 2.518  0   0  4 1.986e+03 1.986e+00  4 1.617e+04 1.617e+01  1  0   0  0   0   1         0
2595.347 2.595  0   0  2 5.554e+03 5.554e+00  2 4.105e+02 4.105e-01  1  0   0  0   0   1         0
2683.356 2.683  0   0  0 1.303e+03 1.303e+00  0 2.130e+04 2.130e+01  1  0   0  0   0   1         0
2682.757 2.683  0   0  1 9.251e+02 9.251e-01  0 2.085e+03 2.085e+00  1  0   0  0   0   1         0
2683.126 2.683  0   0  5 5.012e+02 5.012e-01  0 1.489e+04 1.489e+01  1  0   0  0   0   1         0
2730.483 2.730  0   0  2 4.991e+04 4.991e+01  2 1.388e+04 1.388e+01  1  0   0  0   0   1         0
2712.739 2.713  0   0  2 1.741e+04 1.741e+01  2 5.111e+03 5.111e+00  1  0   0  0   0   1         0
2731.254 2.731  0   0  5 1.269e+03 1.269e+00  0 6.222e+03 6.222e+00  1  0   0  0   0   1         0
2766.686 2.767  0   0  2 2.302e+04 2.302e+01  2 3.026e+04 3.026e+01  1  0   0  0   0   1         0
2837.233 2.837  0   0  4 2.822e+03 2.822e+00  4 1.497e+03 1.497e+00  1  0   0  0   0   1         0
2838.218 2.838  0   0  2 8.122e+02 8.122e-01  2 4.359e+03 4.359e+00  1  0   0  0   0   1         0
2890.790 2.891  0   0  5 1.381e+03 1.381e+00  0 2.953e+04 2.953e+01  1  0   0  0   0   1         0
2988.702 2.989  0   0  7 4.532e+02 4.532e-01  0 4.636e+03 4.636e+00  1  0   0  0   0   1         0
2955.776 2.956  0   0  6 2.327e+02 2.327e-01  6 1.899e+03 1.899e+00  1  0   0  0   0   1         0
2969.482 2.969  0   0  4 1.529e+02 1.529e-01  4 8.066e+02 8.066e-01  1  0   0  0   0   1         0
3027.615 3.028  0   0  4 5.687e+03 5.687e+00  4 2.350e+02 2.350e-01  1  0   0  0   0   1         0
3025.044 3.025  0   0  3 6.181e+03 6.181e+00  0 2.232e+04 2.232e+01  1  0   0  0   0   1         0
3141.065 3.141  0   0  3 1.263e+03 1.263e+00  0 2.398e+04 2.398e+01  1  0   0  0   0   1         0
3194.654 3.195  0   0  1 1.788e+04 1.788e+01  0 6.113e+02 6.113e-01  1  0   0  0   0   1         0
3303.377 3.303  0   0  0 3.288e-03 3.288e-06  0 2.093e+04 2.093e+01  1  0   0  0   0   1         0
3382.618 3.383  0   0  1 2.636e+02 2.636e-01  0 2.696e+04 2.696e+01  1  0   0  0   0   1         0
3391.160 3.391  0   0  5 1.051e+02 1.051e-01  0 1.755e+04 1.755e+01  1  0   0  0   0   1         0
3437.621 3.438  0   0  3 8.769e+03 8.769e+00  0 3.510e+03 3.510e+00  1  0   0  0   0   1         0
3460.423 3.460  0   0  0 3.798e+02 3.798e-01  0 2.696e+04 2.696e+01  1  0   0  0   0   1         0
3487.579 3.488  0   0  7 2.301e+02 2.301e-01  0 5.222e+03 5.222e+00  1  0   0  0   0   1         0
3455.948 3.456  0   0  5 4.936e+04 4.936e+01  0 9.590e+02 9.590e-01  1  0   0  0   0   1         0
3532.809 3.533  0   0  2 8.155e+03 8.155e+00  2 7.951e+03 7.951e+00  1  0   0  0   0   1         0
3585.531 3.586  0   0  0 4.600e+03 4.600e+00  0 1.756e+03 1.756e+00  1  0   0  0   0   1         0
3551.329 3.551  0   0  4 1.295e+04 1.295e+01  4 3.851e+03 3.851e+00  1  0   0  0   0   1         0
3676.102 3.676  0   0  2 3.951e+03 3.951e+00  2 1.169e+03 1.169e+00  1  0   0  0   0   1         0
3732.320 3.732  0   0  1 1.935e+04 1.935e+01  0 5.878e+03 5.878e+00  1  0   0  0   0   1         0
3752.976 3.753  0   0  3 4.670e+02 4.670e-01  0 1.189e+03 1.189e+00  1  0   0  0   0   1         0
3760.763 3.761  0   0  1 2.217e+02 2.217e-01  0 2.662e+03 2.662e+00  1  0   0  0   0   1         0
3802.765 3.803  0   0  2 8.569e+02 8.569e-01  2 1.094e+03 1.094e+00  1  0   0  0   0   1         0
3896.485 3.896  0   0  0 1.410e+02 1.410e-01  0 3.195e+04 3.195e+01  1  0   0  0   0   1         0
3940.994 3.941  0   0  0 1.967e+03 1.967e+00  0 6.958e+04 6.958e+01  1  0   0  0   0   1         0
3926.309 3.926  0   0  4 3.546e+02 3.546e-01  4 6.448e+03 6.448e+00  1  0   0  0   0   1         0
3949.834 3.950  0   0  6 1.771e+03 1.771e+00  6 2.674e+03 2.674e+00  1  0   0  0   0   1         0
3955.166 3.955  0   0  5 4.376e+03 4.376e+00  0 4.331e+03 4.331e+00  1  0   0  0   0   1         0
4081.598 4.082  0   0  5 2.762e+04 2.762e+01  0 2.812e+03 2.812e+00  1  0   0  0   0   1         0
4128.333 4.128  0   0  3 3.799e+03 3.799e+00  0 3.100e+03 3.100e+00  1  0   0  0   0   1         0
4123.027 4.123  0   0  0 3.370e+02 3.370e-01  0 3.926e+03 3.926e+00  1  0   0  0   0   1         0
4178.069 4.178  0   0  4 8.097e+02 8.097e-01  4 1.293e+04 1.293e+01  1  0   0  0   0   1         0
4247.262 4.247  0   0  2 2.538e+04 2.538e+01  2 5.533e-01 5.533e-04  1  0   0  0   0   1         0
4283.963 4.284  0   0  3 8.602e+00 8.602e-03  0 3.191e+04 3.191e+01  1  0   0  0   0   1         0
4373.220 4.373  0   0  2 1.784e+04 1.784e+01  2 8.418e+03 8.418e+00  1  0   0  0   0   1         0
4350.272 4.350  0   0  0 9.877e+03 9.877e+00  0 7.503e+03 7.503e+00  1  0   0  0   0   1         0
4389.286 4.389  0   0  6 1.536e+04 1.536e+01  6 9.476e+03 9.476e+00  1  0   0  0   0   1         0
4418.659 4.419  0   0  2 3.955e+03 3.955e+00  2 3.550e+03 3.550e+00  1  0   0  0   0   1         0
4405.030 4.405  0   0  0 1.092e+04 1.092e+01  0 2.098e+03 2.098e+00  1  0   0  0   0   1         0
4440.506 4.441  0   0  4 7.021e+00 7.021e-03  4 5.576e+03 5.576e+00  1  0   0  0   0   1         0
4458.132 4.458  0   0  2 2.605e+03 2.605e+00  2 1.191e+03 1.191e+00  1  0   0  0   0   1         0
4483.355 4.483  0   0  1 1.447e+03 1.447e+00  0 6.850e+04 6.850e+01  1  0   0  0   0   1         0
4590.404 4.590  0   0  6 7.965e+01 7.965e-02  6 3.605e+04 3.605e+01  1  0   0  0   0   1         0
4621.381 4.621  0   0  2 1.575e+01 1.575e-02  2 4.233e+01 4.233e-02  1  0   0  0   0   1         0
4715.026 4.715  0   0  5 2.487e+01 2.487e-02  0 2.924e+04 2.924e+01  1  0   0  0   0   1         0
4802.974 4.803  0   0  0 3.513e+03 3.513e+00  0 8.499e+03 8.499e+00  1  0   0  0   0   1         0
4841.693 4.842  0   0  2 4.868e+01 4.868e-02  2 2.503e+03 2.503e+00  1  0   0  0   0   1         0
4914.239 4.914  0   0  4 7.220e+03 7.220e+00  4 6.549e+04 6.549e+01  1  0   0  0   0   1         0
4948.208 4.948  0   0  4 3.668e+03 3.668e+00  4 4.378e+04 4.378e+01  1  0   0  0   0   1         0
4904.688 4.905  0   0  3 2.850e+03 2.850e+00  0 3.871e+03 3.871e+00  1  0   0  0   0   1         0
5119.582 5.120  0   0  0 7.327e+01 7.327e-02  0 5.160e+03 5.160e+00  1  0   0  0   0   1         0
5180.618 5.181  0   0  0 5.176e+02 5.176e-01  0 1.240e+03 1.240e+00  1  0   0  0   0   1         0
5151.760 5.152  0   0  5 2.948e+01 2.948e-02  0 1.040e+02 1.040e-01  1  0   0  0   0   1         0
5278.435 5.278  0   0  3 4.979e+02 4.979e-01  0 1.043e+04 1.043e+01  1  0   0  0   0   1         0
5295.625 5.296  0   0  5 1.479e+03 1.479e+00  0 1.324e+03 1.324e+00  1  0   0  0   0   1         0
5276.868 5.277  0   0  5 1.749e+03 1.749e+00  0 7.624e+03 7.624e+00  1  0   0  0   0   1         0
5366.043 5.366  0   0  3 7.691e+03 7.691e+00  0 2.987e+02 2.987e-01  1  0   0  0   0   1         0
5382.666 5.383  0   0  2 3.157e+03 3.157e+00  2 5.924e+03 5.924e+00  1  0   0  0   0   1         0
5403.343 5.403  0   0  3 6.350e+02 6.350e-01  0 6.701e+01 6.701e-02  1  0   0  0   0   1         0
5473.457 5.473  0   0  5 1.264e+04 1.264e+01  0 2.169e+04 2.169e+01  1  0   0  0   0   1         0
5531.903 5.532  0   0  4 5.194e+03 5.194e+00  4 1.258e+04 1.258e+01  1  0   0  0   0   1         0
5598.030 5.598  0   0  2 1.196e+04 1.196e+01  2 1.746e+04 1.746e+01  1  0   0  0   0   1         0
5568.552 5.569  0   0  1 8.562e+03 8.562e+00  0 1.023e+03 1.023e+00  1  0   0  0   0   1         0
5687.369 5.687  0   0  2 1.498e+02 1.498e-01  2 6.184e+02 6.184e-01  1  0   0  0   0   1         0
5694.737 5.695  0   0  2 3.436e+03 3.436e+00  2 1.954e+04 1.954e+01  1  0   0  0   0   1         0
5708.763 5.709  0   0  0 9.136e+02 9.136e-01  0 4.201e+02 4.201e-01  1  0   0  0   0   1         0
5717.891 5.718  0   0  3 5.976e+01 5.976e-02  0 2.174e+04 2.174e+01  1  0   0  0   0   1         0
5723.927 5.724  0   0  4 2.455e+03 2.455e+00  4 1.503e+03 1.503e+00  1  0   0  0   0   1         0
5858.822 5.859  0   0  2 7.093e+02 7.093e-01  2 4.443e+02 4.443e-01  1  0   0  0   0   1         0
5873.381 5.873  0   0  2 1.666e+03 1.666e+00  2 1.979e+04 1.979e+01  1  0   0  0   0   1         0
5924.904 5.925  0   0  3 1.652e+04 1.652e+01  0 4.724e+04 4.724e+01  1  0   0  0   0   1         0
5973.053 5.973  0   0  0 2.783e+03 2.783e+00  0 4.304e+03 4.304e+00  1  0   0  0   0   1         0
5954.060 5.954  0   0  3 1.371e+04 1.371e+01  0 1.315e+03 1.315e+00  1  0   0  0   0   1         0
6042.657 6.043  0   0  7 1.715e+04 1.715e+01  0 2.563e+03 2.563e+00  1  0   0  0   0   1         0
6063.795 6.064  0   0  6 1.451e+03 1.451e+00  6 2.277e+03 2.277e+00  1  0   0  0   0   1         0
6080.778 6.081  0   0  1 4.103e+01 4.103e-02  0 4.209e+03 4.209e+00  1  0   0  0   0   1         0
6184.429 6.184  0   0  1 3.762e+02 3.762e-01  0 1.817e+03 1.817e+00  1  0   0  0   0   1         0
6207.198 6.207  0   0  4 1.211e+04 1.211e+01  4 1.978e+03 1.978e+00  1  0   0  0   0   1         0
6313.507 6.314  0   0  3 9.920e+03 9.920e+00  0 3.712e+03 3.712e+00  1  0   0  0   0   1         0
6360.880 6.361  0   0  3 5.287e+02 5.287e-01  0 2.509e+04 2.509e+01  1  0   0  0   0   1         0
6350.221 6.350  0   0  3 8.638e+03 8.638e+00  0 9.248e+02 9.248e-01  1  0   0  0   0   1         0
6420.809 6.421  0   0  5 5.443e+03 5.443e+00  0 4.219e+03 4.219e+00  1  0   0  0   0   1         0
6424.286 6.424  0   0  4 1.168e+02 1.168e-01  4 1.043e+03 1.043e+00  1  0   0  0   0   1         0
6473.491 6.473  0   0  2 1.099e+04 1.099e+01  2 2.415e+04 2.415e+01  1  0   0  0   0   1         0
6613.918 6.614  0   0  2 2.228e+02 2.228e-01  2 4.192e+03 4.192e+00  1  0   0  0   0   1         0
6692.463 6.692  0   0  1 5.375e+03 5.375e+00  0 1.154e+03 1.154e+00  1  0   0  0   0   1         0
6670.202 6.670  0   0  2 3.121e+01 3.121e-02  2 2.425e+03 2.425e+00  1  0   0  0   0   1         0
6651.790 6.652  0   0  5 2.011e+02 2.011e-01  0 6.214e+04 6.214e+01  1  0   0  0   0   1         0
6722.301 6.722  0   0  4 1.252e+04 1.252e+01  4 2.149e+03 2.149e+00  1  0   0  0   0   1         0
6743.937 6.744  0   0  2 3.090e+03 3.090e+00  2 9.038e+03 9.038e+00  1  0   0  0   0   1         0
6726.614 6.727  0   0  5 8.223e+03 8.223e+00  0 2.323e+04 2.323e+01  1  0   0  0   0   1         0
6795.962 6.796  0   0  7 1.514e+03 1.514e+00  0 5.825e+03 5.825e+00  1  0   0  0   0   1         0
6804.768 6.805  0   0  6 9.859e+02 9.859e-01  6 3.800e+03 3.800e+00  1  0   0  0   0   1         0
6820.837 6.821  0   0  6 1.109e+03 1.109e+00  6 2.943e+03 2.943e+00  1  0   0  0   0   1         0
6933.112 6.933  0   0  0 5.923e+02 5.923e-01  0 8.365e+03 8.365e+00  1  0   0  0   0   1         0
6941.597 6.942  0   0  0 1.482e+03 1.482e+00  0 2.475e+01 2.475e-02  1  0   0  0   0   1         0
6997.299 6.997  0   0  0 8.745e+03 8.745e+00  0 3.494e+04 3.494e+01  1  0   0  0   0   1         0
7044.344 7.044  0   0  0 3.719e+04 3.719e+01  0 1.123e+04 1.123e+01  1  0   0  0   0   1         0
7010.896 7.011  0   0  4 2.770e+03 2.770e+00  4 4.041e+04 4.041e+01  1  0   0  0   0   1         0
7026.710 7.027  0   0  3 4.189e+03 4.189e+00  0 9.835e+04 9.835e+01  1  0   0  0   0   1         0
7039.063 7.039  0   0  6 1.348e+03 1.348e+00  6 1.163e+03 1.163e+00  1  0   0  0   0   1         0
7012.394 7.012  0   0  1 6.213e+01 6.213e-02  0 1.422e+02 1.422e-01  1  0   0  0   0   1         0
7011.642 7.012  0   0  5 4.217e+03 4.217e+00  0 1.102e+04 1.102e+01  1  0   0  0   0   1         0
7082.055 7.082  0   0  3 1.463e+03 1.463e+00  0 7.470e+02 7.470e-01  1  0   0  0   0   1         0
7076.249 7.076  0   0  2 2.880e+02 2.880e-01  2 3.004e+04 3.004e+01  1  0   0  0   0   1         0
7085.754 7.086  0   0  4 1.543e+04 1.543e+01  4 1.997e+04 1.997e+01  1  0   0  0   0   1         0
7110.926 7.111  0   0  2 3.797e+03 3.797e+00  2 1.012e+04 1.012e+01  1  0   0  0   0   1         0
7134.564 7.135  0   0  1 6.778e+03 6.778e+00  0 1.371e+04 1.371e+01  1  0   0  0   0   1         0
7145.535 7.146  0   0  3 2.044e+03 2.044e+00  0 1.282e+03 1.282e+00  1  0   0  0   0   1         0
7114.868 7.115  0   0  4 6.867e+02 6.867e-01  4 7.789e+03 7.789e+00  1  0   0  0   0   1         0
7128.579 7.129  0   0  3 3.045e+03 3.045e+00  0 5.595e+04 5.595e+01  1  0   0  0   0   1         0
7176.569 7.177  0   0  4 6.308e+01 6.308e-02  4 6.015e+03 6.015e+00  1  0   0  0   0   1         0
7180.230 7.180  0   0  3 2.680e+03 2.680e+00  0 1.220e+03 1.220e+00  1  0   0  0   0   1         0
7200.029 7.200  0   0  5 8.108e+03 8.108e+00  0 8.586e+03 8.586e+00  1  0   0  0   0   1         0
7221.729 7.222  0   0  6 3.423e+02 3.423e-01  6 2.760e+03 2.760e+00  1  0   0  0   0   1         0
7270.740 7.271  0   0  6 3.057e+03 3.057e+00  6 3.144e+04 3.144e+01  1  0   0  0   0   1         0
7288.077 7.288  0   0  2 8.444e+02 8.444e-01  2 7.217e+03 7.217e+00  1  0   0  0   0   1         0
7261.627 7.262  0   0  5 2.766e+04 2.766e+01  0 7.268e+03 7.268e+00  1  0   0  0   0   1         0
7315.269 7.315  0   0  3 3.898e+03 3.898e+00  0 1.128e+04 1.128e+01  1  0   0  0   0   1         0
7322.117 7.322  0   0  4 1.359e+03 1.359e+00  4 4.198e+02 4.198e-01  1  0   0  0   0   1         0
7349.288 7.349  0   0  5 2.434e+03 2.434e+00  0 1.943e+04 1.943e+01  1  0   0  0   0   1         0
7349.260 7.349  0   0  0 1.223e+03 1.223e+00  0 1.223e+04 1.223e+01  1  0   0  0   0   1         0
7345.348 7.345  0   0  0 3.688e+01 3.688e-02  0 1.224e+01 1.224e-02  1  0   0  0   0   1         0
7340.004 7.340  0   0  1 4.695e+03 4.695e+00  0 2.415e+04 2.415e+01  1  0   0  0   0   1         0
7313.558 7.314  0   0  0 3.898e+02 3.898e-01  0 7.905e+03 7.905e+00  1  0   0  0   0   1         0
7316.155 7.316  0   0  1 5.865e+03 5.865e+00  0 9.677e+03 9.677e+00  1  0   0  0   0   1         0
7374.829 7.375  0   0  2 2.582e+01 2.582e-02  2 5.002e+03 5.002e+00  1  0   0  0   0   1         0
7365.119 7.365  0   0  4 9.962e+03 9.962e+00  4 1.559e+04 1.559e+01  1  0   0  0   0   1         0
7373.987 7.374  0   0  3 4.634e+03 4.634e+00  0 4.696e+01 4.696e-02  1  0   0  0   0   1         0
7368.099 7.368  0   0  3 1.279e+04 1.279e+01  0 1.051e+03 1.051e+00  1  0   0  0   0   1         0
7400.902 7.401  0   0  0 9.320e+03 9.320e+00  0 4.623e+04 4.623e+01  1  0   0  0   0   1         0
7446.282 7.446  0   0  3 7.464e+01 7.464e-02  0 1.027e+04 1.027e+01  1  0   0  0   0   1         0
7447.619 7.448  0   0  3 4.076e+03 4.076e+00  0 1.772e+04 1.772e+01  1  0   0  0   0   1         0
7486.584 7.487  0   0  3 1.191e+03 1.191e+00  0 1.718e+04 1.718e+01  1  0   0  0   0   1         0
7492.510 7.493  0   0  1 5.892e+02 5.892e-01  0 1.202e+03 1.202e+00  1  0   0  0   0   1         0
7473.744 7.474  0   0  2 1.499e+04 1.499e+01  2 1.047e+04 1.047e+01  1  0   0  0   0   1         0
7512.986 7.513  0   0  3 8.915e+03 8.915e+00  0 2.911e+03 2.911e+00  1  0   0  0   0   1         0
7534.747 7.535  0   0  3 1.421e+04 1.421e+01  0 7.337e+04 7.337e+01  1  0   0  0   0   1         0
7549.371 7.549  0   0  1 1.864e+04 1.864e+01  0 5.203e+02 5.203e-01  1  0   0  0   0   1         0
7507.591 7.508  0   0  4 2.742e+01 2.742e-02  4 5.068e+02 5.068e-01  1  0   0  0   0   1         0
7504.459 7.504  0   0  3 1.255e+01 1.255e-02  0 3.622e+03 3.622e+00  1  0   0  0   0   1         0
7533.813 7.534  0   0  1 2.319e+00 2.319e-03  0 2.514e+04 2.514e+01  1  0   0  0   0   1         0
7517.093 7.517  0   0  3 3.246e+03 3.246e+00  0 2.180e+04 2.180e+01  1  0   0  0   0   1         0
7503.594 7.504  0   0  0 4.596e+03 4.596e+00  0 2.104e+03 2.104e+00  1  0   0  0   0   1         0
7581.726 7.582  0   0  3 3.688e+03 3.688e+00  0 2.933e+03 2.933e+00  1  0   0  0   0   1         0
7596.488 7.596  0   0  0 2.502e+03 2.502e+00  0 2.721e+03 2.721e+00  1  0   0  0   0   1         0
7599.059 7.599  0   0  7 2.756e+03 2.756e+00  0 6.938e+01 6.938e-02  1  0   0  0   0   1         0
7552.136 7.552  0   0  2 3.105e+03 3.105e+00  2 4.655e+03 4.655e+00  1  0   0  0   0   1         0
7625.235 7.625  0   0  2 1.534e+04 1.534e+01  2 7.332e+03 7.332e+00  1  0   0  0   0   1         0
7648.569 7.649  0   0  1 1.110e+03 1.110e+00  0 3.982e+03 3.982e+00  1  0   0  0   0   1         0
7613.030 7.613  0   0  4 4.017e+02 4.017e-01  4 1.800e+03 1.800e+00  1  0   0  0   0   1         0
7625.341 7.625  0   0  2 7.513e+03 7.513e+00  2 3.385e+03 3.385e+00  1  0   0  0   0   1         0
7643.031 7.643  0   0  3 5.587e+02 5.587e-01  0 1.475e+03 1.475e+00  1  0   0  0   0   1         0
7622.526 7.623  0   0  1 1.164e+04 1.164e+01  0 9.963e+03 9.963e+00  1  0   0  0   0   1         0
7685.771 7.686  0   0  8 1.425e+03 1.425e+00  8 7.000e+03 7.000e+00  1  0   0  0   0   1         0
7708.960 7.709  0   0  2 9.536e+02 9.536e-01  2 3.718e+03 3.718e+00  1  0   0  0   0   1         0
7730.760 7.731  0   0  2 7.763e+00 7.763e-03  2 1.918e+04 1.918e+01  1  0   0  0   0   1         0
7700.712 7.701  0   0  3 1.209e+03 1.209e+00  0 1.995e+04 1.995e+01  1  0   0  0   0   1         0
7746.413 7.746  0   0  5 2.305e+03 2.305e+00  0 2.462e+04 2.462e+01  1  0   0  0   0   1         0
7713.315 7.713  0   0  6 1.088e+02 1.088e-01  6 1.225e+04 1.225e+01  1  0   0  0   0   1         0
7701.995 7.702  0   0  4 1.117e+04 1.117e+01  4 3.285e+04 3.285e+01  1  0   0  0   0   1         0
7705.455 7.705  0   0  2 1.885e+03 1.885e+00  2 4.212e+04 4.212e+01  1  0   0  0   0   1         0
7766.486 7.766  0   0  2 3.088e+03 3.088e+00  2 3.212e+03 3.212e+00  1  0   0  0   0   1         0
7775.234 7.775  0   0  2 1.276e+04 1.276e+01  2 9.391e+04 9.391e+01  1  0   0  0   0   1         0
7770.992 7.771  0   0  6 1.383e+04 1.383e+01  6 2.624e+04 2.624e+01  1  0   0  0   0   1         0
7813.255 7.813  0   0  0 3.208e+03 3.208e+00  0 1.260e+04 1.260e+01  1  0   0  0   0   1         0
7846.507 7.847  0   0  6 1.277e+03 1.277e+00  6 1.604e+04 1.604e+01  1  0   0  0   0   1         0
7805.803 7.806  0   0  1 1.326e+02 1.326e-01  0 6.034e+03 6.034e+00  1  0   0  0   0   1         0
7828.298 7.828  0   0  0 1.589e+02 1.589e-01  0 6.864e+04 6.864e+01  1  0   0  0   0   1         0
7836.137 7.836  0   0  2 2.501e+03 2.501e+00  2 9.367e+02 9.367e-01  1  0   0  0   0   1         0
7802.966 7.803  0   0  2 7.138e+03 7.138e+00  2 3.894e+01 3.894e-02  1  0   0  0   0   1         0
7829.995 7.830  0   0  2 3.326e+04 3.326e+01  2 3.724e+04 3.724e+01  1  0   0  0   0   1         0
7840.859 7.841  0   0  2 1.658e+03 1.658e+00  2 2.286e+03 2.286e+00  1  0   0  0   0   1         0
7868.541 7.869  0   0  2 1.458e+03 1.458e+00  2 2.065e+04 2.065e+01  1  0   0  0   0   1         0
7862.807 7.863  0   0  3 4.169e+04 4.169e+01  0 4.770e+04 4.770e+01  1  0   0  0   0   1         0
7869.395 7.869  0   0  0 2.250e+03 2.250e+00  0 2.233e+02 2.233e-01  1  0   0  0   0   1         0
7859.914 7.860  0   0  1 8.821e+03 8.821e+00  0 1.644e+04 1.644e+01  1  0   0  0   0   1         0
7863.176 7.863  0   0  3 4.809e+03 4.809e+00  0 3.011e+04 3.011e+01  1  0   0  0   0   1         0
7881.445 7.881  0   0  0 3.827e+03 3.827e+00  0 3.357e+04 3.357e+01  1  0   0  0   0   1         0
7921.111 7.921  0   0  2 7.090e+03 7.090e+00  2 2.271e+02 2.271e-01  1  0   0  0   0   1         0
7909.468 7.909  0   0  4 4.878e+02 4.878e-01  4 9.785e+04 9.785e+01  1  0   0  0   0   1         0
7980.622 7.981  0   0  0 2.883e-01 2.883e-04  0 6.976e+04 6.976e+01  1  0   0  0   0   1         0
7965.468 7.965  0   0  2 2.887e+03 2.887e+00  2 2.733e+03 2.733e+00  1  0   0  0   0   1         0
7965.041 7.965  0   0  2 4.536e+03 4.536e+00  2 3.838e+03 3.838e+00  1  0   0  0   0   1         0
7951.992 7.952  0   0  2 9.367e+03 9.367e+00  2 1.163e+02 1.163e-01  1  0   0  0   0   1         0
7986.504 7.987  0   0  0 8.435e+02 8.435e-01  0 8.714e+03 8.714e+00  1  0   0  0   0   1         0
8029.249 8.029  0   0  2 4.009e+03 4.009e+00  2 7.523e+02 7.523e-01  1  0   0  0   0   1         0
8019.057 8.019  0   0  4 1.014e+03 1.014e+00  4 1.143e+02 1.143e-01  1  0   0  0   0   1         0
8041.471 8.041  0   0  5 9.664e+01 9.664e-02  0 8.217e+01 8.217e-02  1  0   0  0   0   1         0
8007.042 8.007  0   0  1 1.096e+04 1.096e+01  0 6.501e+03 6.501e+00  1  0   0  0   0   1         0
8021.650 8.022  0   0  1 1.325e+04 1.325e+01  0 5.917e+03 5.917e+00  1  0   0  0   0   1         0
8034.687 8.035  0   0  4 6.536e+03 6.536e+00  4 4.544e+03 4.544e+00  1  0   0  0   0   1         0
8043.517 8.044  0   0  3 2.611e+03 2.611e+00  0 2.420e+03 2.420e+00  1  0   0  0   0   1         0
8068.462 8.068  0   0  4 1.463e+04 1.463e+01  4 5.790e+01 5.790e-02  1  0   0  0   0   1         0
8057.613 8.058  0   0  7 2.461e+01 2.461e-02  0 1.339e+02 1.339e-01  1  0   0  0   0   1         0
8093.704 8.094  0   0  4 4.481e+03 4.481e+00  4 9.312e+02 9.312e-01  1  0   0  0   0   1         0
8080.321 8.080  0   0  3 4.504e+03 4.504e+00  0 1.886e+04 1.886e+01  1  0   0  0   0   1         0
8056.795 8.057  0   0  5 7.471e+02 7.471e-01  0 2.294e+03 2.294e+00  1  0   0  0   0   1         0
8146.652 8.147  0   0  2 3.549e+03 3.549e+00  2 2.985e+02 2.985e-01  1  0   0  0   0   1         0
8134.283 8.134  0   0  3 5.547e+01 5.547e-02  0 3.978e+02 3.978e-01  1  0   0  0   0   1         0
8148.751 8.149  0   0  4 1.148e+02 1.148e-01  4 1.661e+04 1.661e+01  1  0   0  0   0   1         0
8184.770 8.185  0   0  5 7.568e+03 7.568e+00  0 2.697e+03 2.697e+00  1  0   0  0   0   1         0
8181.776 8.182  0   0  6 4.344e+03 4.344e+00  6 4.955e+03 4.955e+00  1  0   0  0   0   1         0
8188.021 8.188  0   0  8 3.143e+02 3.143e-01  8 7.593e+03 7.593e+00  1  0   0  0   0   1         0
8228.777 8.229  0   0  3 5.800e+03 5.800e+00  0 1.152e+04 1.152e+01  1  0   0  0   0   1         0
8202.492 8.202  0   0  3 3.550e+03 3.550e+00  0 2.656e+02 2.656e-01  1  0   0  0   0   1         0
8220.410 8.220  0   0  3 1.716e+04 1.716e+01  0 2.120e+02 2.120e-01  1  0   0  0   0   1         0
8229.346 8.229  0   0  1 8.128e+03 8.128e+00  0 9.444e+03 9.444e+00  1  0   0  0   0   1         0
8267.107 8.267  0   0  0 2.499e+02 2.499e-01  0 3.616e+03 3.616e+00  1  0   0  0   0   1         0
8272.508 8.273  0   0  3 6.739e+02 6.739e-01  0 2.968e+03 2.968e+00  1  0   0  0   0   1         0
8293.297 8.293  0   0  2 9.761e+03 9.761e+00  2 3.185e+02 3.185e-01  1  0   0  0   0   1         0
8286.323 8.286  0   0  6 2.525e+04 2.525e+01  6 7.084e+03 7.084e+00  1  0   0  0   0   1         0
8276.184 8.276  0   0  1 1.245e+04 1.245e+01  0 2.976e+01 2.976e-02  1  0   0  0   0   1         0
8268.596 8.269  0   0  6 1.314e+04 1.314e+01  6 7.374e+01 7.374e-02  1  0   0  0   0   1         0
8346.897 8.347  0   0  1 6.619e+02 6.619e-01  0 5.515e+02 5.515e-01  1  0   0  0   0   1         0
8326.811 8.327  0   0  3 5.655e+02 5.655e-01  0 8.358e+03 8.358e+00  1  0   0  0   0   1         0
8332.291 8.332  0   0  3 2.316e+04 2.316e+01  0 2.787e+04 2.787e+01  1  0   0  0   0   1         0
8323.320 8.323  0   0  3 5.374e+03 5.374e+00  0 7.045e+00 7.045e-03  1  0   0  0   0   1         0
8321.175 8.321  0   0  3 1.020e+04 1.020e+01  0 3.986e+00 3.986e-03  1  0   0  0   0   1         0
8306.054 8.306  0   0  3 2.333e+03 2.333e+00  0 1.619e+03 1.619e+00  1  0   0  0   0   1         0
8368.938 8.369  0   0  3 5.477e+03 5.477e+00  0 2.110e+03 2.110e+00  1  0   0  0   0   1         0
8398.518 8.399  0   0  0 8.413e+02 8.413e-01  0 2.491e+01 2.491e-02  1  0   0  0   0   1         0
8358.753 8.359  0   0  4 8.624e+03 8.624e+00  4 9.858e+03 9.858e+00  1  0   0  0   0   1         0
8366.146 8.366  0   0  0 1.221e+02 1.221e-01  0 8.167e+03 8.167e+00  1  0   0  0   0   1         0
8364.853 8.365  0   0  5 3.661e+03 3.661e+00  0 1.459e+04 1.459e+01  1  0   0  0   0   1         0
8377.349 8.377  0   0  1 1.368e+04 1.368e+01  0 5.141e+03 5.141e+00  1  0   0  0   0   1         0
8408.400 8.408  0   0  5 5.684e+03 5.684e+00  0 2.263e+03 2.263e+00  1  0   0  0   0   1         0
8422.733 8.423  0   0  0 2.023e+03 2.023e+00  0 1.285e+04 1.285e+01  1  0   0  0   0   1         0
8420.292 8.420  0   0  4 1.219e+01 1.219e-02  4 1.028e+04 1.028e+01  1  0   0  0   0   1         0
8438.510 8.439  0   0  4 1.507e+03 1.507e+00  4 2.639e+04 2.639e+01  1  0   0  0   0   1         0
8488.767 8.489  0   0  6 1.769e+04 1.769e+01  6 1.352e+03 1.352e+00  1  0   0  0   0   1         0
8463.696 8.464  0   0  3 2.181e+03 2.181e+00  0 3.044e+03 3.044e+00  1  0   0  0   0   1         0
8474.888 8.475  0   0  1 8.302e+01 8.302e-02  0 4.033e+04 4.033e+01  1  0   0  0   0   1         0
8459.986 8.460  0   0  3 2.245e+03 2.245e+00  0 1.136e+03 1.136e+00  1  0   0  0   0   1         0
8493.127 8.493  0   0  1 7.509e+03 7.509e+00  0 8.757e+03 8.757e+00  1  0   0  0   0   1         0
8491.254 8.491  0   0  2 1.820e+04 1.820e+01  2 2.365e+04 2.365e+01  1  0   0  0   0   1         0
8542.405 8.542  0   0  2 3.972e+03 3.972e+00  2 1.322e+03 1.322e+00  1  0   0  0   0   1         0
8549.659 8.550  0   0  2 1.898e+03 1.898e+00  2 6.268e+03 6.268e+00  1  0   0  0   0   1         0
8521.174 8.521  0   0  5 6.007e+01 6.007e-02  0 5.188e+03 5.188e+00  1  0   0  0   0   1         0
8540.798 8.541  0   0  3 4.247e+03 4.247e+00  0 5.781e+03 5.781e+00  1  0   0  0   0   1         0
8537.358 8.537  0   0  4 1.424e+03 1.424e+00  4 3.220e+04 3.220e+01  1  0   0  0   0   1         0
8522.813 8.523  0   0  3 9.947e+02 9.947e-01  0 1.479e+03 1.479e+00  1  0   0  0   0   1         0
8546.393 8.546  0   0  2 3.194e+03 3.194e+00  2 3.771e+03 3.771e+00  1  0   0  0   0   1         0
8599.355 8.599  0   0  2 1.691e+04 1.691e+01  2 7.391e+03 7.391e+00  1  0   0  0   0   1         0
8593.814 8.594  0   0  5 7.275e+03 7.275e+00  0 4.173e+04 4.173e+01  1  0   0  0   0   1         0
8558.386 8.558  0   0  1 5.455e+03 5.455e+00  0 1.585e+03 1.585e+00  1  0   0  0   0   1         0
8591.080 8.591  0   0  1 1.584e+04 1.584e+01  0 6.566e+03 6.566e+00  1  0   0  0   0   1         0
8551.628 8.552  0   0  3 3.209e+03 3.209e+00  0 3.273e+03 3.273e+00  1  0   0  0   0   1         0
8608.488 8.608  0   0  2 9.043e+02 9.043e-01  2 8.545e+02 8.545e-01  1  0   0  0   0   1         0
8637.164 8.637  0   0  4 1.435e+04 1.435e+01  4 1.995e+04 1.995e+01  1  0   0  0   0   1         0
8639.344 8.639  0   0  4 5.199e+02 5.199e-01  4 1.316e+03 1.316e+00  1  0   0  0   0   1         0
8606.910 8.607  0   0  5 7.975e+01 7.975e-02  0 2.350e+04 2.350e+01  1  0   0  0   0   1         0
8619.827 8.620  0   0  4 6.231e+03 6.231e+00  4 1.207e+04 1.207e+01  1  0   0  0   0   1         0
8644.706 8.645  0   0  1 3.135e+04 3.135e+01  0 1.329e+04 1.329e+01  1  0   0  0   0   1         0
8600.137 8.600  0   0  8 3.198e+02 3.198e-01  8 4.023e+04 4.023e+01  1  0   0  0   0   1         0
8687.820 8.688  0   0  2 2.234e+02 2.234e-01  2 2.769e+02 2.769e-01  1  0   0  0   0   1         0
8667.881 8.668  0   0  2 5.735e+02 5.735e-01  2 1.397e+04 1.397e+01  1  0   0  0   0   1         0
8682.573 8.683  0   0  6 1.815e+03 1.815e+00  6 1.464e+02 1.464e-01  1  0   0  0   0   1         0
8675.860 8.676  0   0  8 1.454e+04 1.454e+01  8 1.083e+04 1.083e+01  1  0   0  0   0   1         0
8734.107 8.734  0   0  1 2.471e+01 2.471e-02  0 2.076e+01 2.076e-02  1  0   0  0   0   1         0
8738.628 8.739  0   0  2 4.510e+03 4.510e+00  2 1.351e+04 1.351e+01  1  0   0  0   0   1         0
8749.912 8.750  0   0  7 2.645e+03 2.645e+00  0 2.544e+04 2.544e+01  1  0   0  0   0   1         0
8724.777 8.725  0   0  1 2.488e+03 2.488e+00  0 2.746e+04 2.746e+01  1  0   0  0   0   1         0
8703.101 8.703  0   0  4 5.619e+03 5.619e+00  4 2.226e+04 2.226e+01  1  0   0  0   0   1         0
8729.940 8.730  0   0  2 7.356e+02 7.356e-01  2 9.230e+03 9.230e+00  1  0   0  0   0   1         0
8706.016 8.706  0   0  0 9.525e+03 9.525e+00  0 3.749e+03 3.749e+00  1  0   0  0   0   1         0
8712.352 8.712  0   0  5 1.258e+03 1.258e+00  0 6.282e+04 6.282e+01  1  0   0  0   0   1         0
8716.575 8.717  0   0  2 8.667e+03 8.667e+00  2 4.454e+03 4.454e+00  1  0   0  0   0   1         0
8736.672 8.737  0   0  2 1.328e+02 1.328e-01  2 3.978e+02 3.978e-01  1  0   0  0   0   1         0
8709.283 8.709  0   0  3 4.992e+03 4.992e+00  0 1.065e+01 1.065e-02  1  0   0  0   0   1         0
8755.987 8.756  0   0  3 1.966e+02 1.966e-01  0 1.012e+04 1.012e+01  1  0   0  0   0   1         0
8760.942 8.761  0   0  1 5.025e+03 5.025e+00  0 3.823e+03 3.823e+00  1  0   0  0   0   1         0
8763.848 8.764  0   0  1 5.594e+03 5.594e+00  0 8.604e+01 8.604e-02  1  0   0  0   0   1         0
8770.210 8.770  0   0  3 7.110e+03 7.110e+00  0 7.411e+03 7.411e+00  1  0   0  0   0   1         0
8776.601 8.777  0   0  2 2.935e+02 2.935e-01  2 3.235e+04 3.235e+01  1  0   0  0   0   1         0
8750.050 8.750  0   0  4 3.169e+02 3.169e-01  4 9.333e+01 9.333e-02  1  0   0  0   0   1         0
8758.175 8.758  0   0  4 4.355e+03 4.355e+00  4 1.462e+04 1.462e+01  1  0   0  0   0   1         0
8754.730 8.755  0   0  1 3.935e+03 3.935e+00  0 1.282e+04 1.282e+01  1  0   0  0   0   1         0
8777.632 8.778  0   0  2 9.014e+01 9.014e-02  2 3.245e+00 3.245e-03  1  0   0  0   0   1         0
8766.587 8.767  0   0  1 1.214e+04 1.214e+01  0 2.729e+03 2.729e+00  1  0   0  0   0   1         0
8847.908 8.848  0   0  1 2.315e+04 2.315e+01  0 2.934e+03 2.934e+00  1  0   0  0   0   1         0
8843.828 8.844  0   0  0 7.512e+02 7.512e-01  0 2.347e+04 2.347e+01  1  0   0  0   0   1         0
8807.756 8.808  0   0  1 4.427e+03 4.427e+00  0 7.700e+03 7.700e+00  1  0   0  0   0   1         0
8838.935 8.839  0   0  2 4.109e+03 4.109e+00  2 5.708e+03 5.708e+00  1  0   0  0   0   1         0
8856.473 8.856  0   0  4 1.741e+04 1.741e+01  4 2.007e+03 2.007e+00  1  0   0  0   0   1         0
8896.566 8.897  0   0  3 5.380e+01 5.380e-02  0 9.557e+01 9.557e-02  1  0   0  0   0   1         0
8875.429 8.875  0   0  1 4.769e+03 4.769e+00  0 2.677e+04 2.677e+01  1  0   0  0   0   1         0
8891.060 8.891  0   0  3 3.933e+03 3.933e+00  0 1.219e+04 1.219e+01  1  0   0  0   0   1         0
8882.824 8.883  0   0  7 1.175e+02 1.175e-01  0 9.469e+03 9.469e+00  1  0   0  0   0   1         0
8885.617 8.886  0   0  4 8.721e+01 8.721e-02  4 9.311e+03 9.311e+00  1  0   0  0   0   1         0
8904.016 8.904  0   0  1 1.890e+03 1.890e+00  0 5.833e+03 5.833e+00  1  0   0  0   0   1         0
8937.646 8.938  0   0  2 2.439e+02 2.439e-01  2 3.343e+04 3.343e+01  1  0   0  0   0   1         0
8914.763 8.915  0   0  2 1.065e+04 1.065e+01  2 1.672e+03 1.672e+00  1  0   0  0   0   1         0
8944.520 8.945  0   0  8 7.164e+03 7.164e+00  8 6.444e-01 6.444e-04  1  0   0  0   0   1         0
8938.204 8.938  0   0  4 1.762e+03 1.762e+00  4 1.994e+04 1.994e+01  1  0   0  0   0   1         0
8935.027 8.935  0   0  4 5.449e+03 5.449e+00  4 1.604e+03 1.604e+00  1  0   0  0   0   1         0
8914.043 8.914  0   0  1 5.586e+03 5.586e+00  0 1.030e+04 1.030e+01  1  0   0  0   0   1         0
8935.562 8.936  0   0  3 2.811e+02 2.811e-01  0 1.889e+03 1.889e+00  1  0   0  0   0   1         0
8947.434 8.947  0   0  2 7.303e+02 7.303e-01  2 3.626e+03 3.626e+00  1  0   0  0   0   1         0
8904.625 8.905  0   0  2 4.045e+02 4.045e-01  2 8.550e+04 8.550e+01  1  0   0  0   0   1         0
8916.431 8.916  0   0  4 1.673e+04 1.673e+01  4 2.954e+03 2.954e+00  1  0   0  0   0   1         0
8980.570 8.981  0   0  2 3.685e+03 3.685e+00  2 3.688e+04 3.688e+01  1  0   0  0   0   1         0
8963.473 8.963  0   0  5 4.064e+04 4.064e+01  0 5.845e+01 5.845e-02  1  0   0  0   0   1         0
8961.192 8.961  0   0  2 8.114e+02 8.114e-01  2 1.149e+04 1.149e+01  1  0   0  0   0   1         0
8955.751 8.956  0   0  2 5.539e+03 5.539e+00  2 6.161e+04 6.161e+01  1  0   0  0   0   1         0
8983.088 8.983  0   0  2 7.327e+03 7.327e+00  2 5.282e+03 5.282e+00  1  0   0  0   0   1         0
8989.139 8.989  0   0  1 6.209e+03 6.209e+00  0 2.865e+03 2.865e+00  1  0   0  0   0   1         0
8988.147 8.988  0   0  2 4.431e+02 4.431e-01  2 7.663e+03 7.663e+00  1  0   0  0   0   1         0
8965.932 8.966  0   0  4 3.105e+04 3.105e+01  4 4.452e+04 4.452e+01  1  0   0  0   0   1         0
8960.353 8.960  0   0  0 7.672e+03 7.672e+00  0 3.021e+04 3.021e+01  1  0   0  0   0   1         0
9038.863 9.039  0   0  5 5.380e+03 5.380e+00  0 1.559e+04 1.559e+01  1  0   0  0   0   1         0
9018.850 9.019  0   0  1 8.309e-03 8.309e-06  0 8.985e+02 8.985e-01  1  0   0  0   0   1         0
9015.188 9.015  0   0  0 3.958e+01 3.958e-02  0 2.526e+03 2.526e+00  1  0   0  0   0   1         0
9008.665 9.009  0   0  7 2.484e+02 2.484e-01  0 9.732e+03 9.732e+00  1  0   0  0   0   1         0
9049.801 9.050  0   0  1 4.345e+02 4.345e-01  0 9.865e+03 9.865e+00  1  0   0  0   0   1         0
9003.189 9.003  0   0  4 7.314e+03 7.314e+00  4 3.503e+04 3.503e+01  1  0   0  0   0   1         0
9050.219 9.050  0   0  1 4.067e+01 4.067e-02  0 1.671e+04 1.671e+01  1  0   0  0   0   1         0
9075.386 9.075  0   0  1 1.016e+03 1.016e+00  0 1.870e+01 1.870e-02  1  0   0  0   0   1         0
9096.857 9.097  0   0  4 5.573e+03 5.573e+00  4 8.083e+03 8.083e+00  1  0   0  0   0   1         0
9062.885 9.063  0   0  1 2.735e+04 2.735e+01  0 5.331e+04 5.331e+01  1  0   0  0   0   1         0
9074.600 9.075  0   0  4 2.643e+04 2.643e+01  4 3.391e-01 3.391e-04  1  0   0  0   0   1         0
9105.484 9.105  0   0  0 9.620e+02 9.620e-01  0 1.950e+03 1.950e+00  1  0   0  0   0   1         0
9104.776 9.105  0   0  4 6.838e+03 6.838e+00  4 2.481e+04 2.481e+01  1  0   0  0   0   1         0
9117.608 9.118  0   0  1 5.578e+03 5.578e+00  0 5.006e+03 5.006e+00  1  0   0  0   0   1         0
9135.084 9.135  0   0  3 1.220e+02 1.220e-01  0 4.556e+02 4.556e-01  1  0   0  0   0   1         0
9139.549 9.140  0   0  2 1.542e+03 1.542e+00  2 4.356e+04 4.356e+01  1  0   0  0   0   1         0
9129.534 9.130  0   0  6 1.099e+03 1.099e+00  6 8.122e+03 8.122e+00  1  0   0  0   0   1         0
9107.334 9.107  0   0  5 1.792e+04 1.792e+01  0 1.903e+03 1.903e+00  1  0   0  0   0   1         0
9137.414 9.137  0   0  0 1.146e+04 1.146e+01  0 2.472e+03 2.472e+00  1  0   0  0   0   1         0
9117.763 9.118  0   0  0 7.687e+01 7.687e-02  0 1.336e+02 1.336e-01  1  0   0  0   0   1         0
9166.957 9.167  0   0  2 1.354e+02 1.354e-01  2 2.930e+01 2.930e-02  1  0   0  0   0   1         0
9161.421 9.161  0   0  0 4.445e+02 4.445e-01  0 1.091e+04 1.091e+01  1  0   0  0   0   1         0
9159.454 9.159  0   0  0 2.295e+03 2.295e+00  0 6.267e+03 6.267e+00  1  0   0  0   0   1         0
9188.188 9.188  0   0  7 9.023e+03 9.023e+00  0 6.486e+04 6.486e+01  1  0   0  0   0   1         0
9197.582 9.198  0   0  2 2.741e+01 2.741e-02  2 1.687e+01 1.687e-02  1  0   0  0   0   1         0
9157.021 9.157  0   0  0 2.778e+04 2.778e+01  0 7.797e+03 7.797e+00  1  0   0  0   0   1         0
9197.988 9.198  0   0  2 5.001e+01 5.001e-02  2 2.687e+02 2.687e-01  1  0   0  0   0   1         0
9179.762 9.180  0   0  2 1.899e+00 1.899e-03  2 1.531e+04 1.531e+01  1  0   0  0   0   1         0
9182.106 9.182  0   0  3 1.456e+04 1.456e+01  0 3.126e+04 3.126e+01  1  0   0  0   0   1         0
9185.517 9.186  0   0  1 3.112e+04 3.112e+01  0 1.780e+01 1.780e-02  1  0   0  0   0   1         0
9185.226 9.185  0   0  2 1.508e+03 1.508e+00  2 3.903e+04 3.903e+01  1  0   0  0   0   1         0
9191.005 9.191  0   0  3 1.414e+03 1.414e+00  0 6.441e+02 6.441e-01  1  0   0  0   0   1         0
9174.198 9.174  0   0  3 6.171e+03 6.171e+00  0 9.298e+03 9.298e+00  1  0   0  0   0   1         0
9176.692 9.177  0   0  2 1.320e+01 1.320e-02  2 3.889e+01 3.889e-02  1  0   0  0   0   1         0
9224.799 9.225  0   0  2 1.465e+03 1.465e+00  2 9.559e+03 9.559e+00  1  0   0  0   0   1         0
9217.838 9.218  0   0  2 6.793e+03 6.793e+00  2 4.730e+02 4.730e-01  1  0   0  0   0   1         0
9228.054 9.228  0   0  6 1.611e+01 1.611e-02  6 6.674e+03 6.674e+00  1  0   0  0   0   1         0
9224.055 9.224  0   0  0 2.355e+04 2.355e+01  0 3.486e+04 3.486e+01  1  0   0  0   0   1         0
9233.918 9.234  0   0  3 5.020e+02 5.020e-01  0 7.889e+03 7.889e+00  1  0   0  0   0   1         0
9233.370 9.233  0   0  2 8.810e+02 8.810e-01  2 1.471e+04 1.471e+01  1  0   0  0   0   1         0
9251.420 9.251  0   0  4 1.354e+04 1.354e+01  4 4.671e+04 4.671e+01  1  0   0  0   0   1         0
9287.041 9.287  0   0  5 3.129e+03 3.129e+00  0 1.239e+04 1.239e+01  1  0   0  0   0   1         0
9296.353 9.296  0   0  3 3.614e+01 3.614e-02  0 1.397e+03 1.397e+00  1  0   0  0   0   1         0
9253.746 9.254  0   0  5 4.012e+01 4.012e-02  0 3.366e+04 3.366e+01  1  0   0  0   0   1         0
9255.518 9.256  0   0  4 3.426e+03 3.426e+00  4 3.780e+04 3.780e+01  1  0   0  0   0   1         0
9341.095 9.341  0   0  4 1.315e+03 1.315e+00  4 1.428e+04 1.428e+01  1  0   0  0   0   1         0
9328.150 9.328  0   0  0 1.505e+01 1.505e-02  0 6.152e+04 6.152e+01  1  0   0  0   0   1         0
9327.904 9.328  0   0  0 1.076e+04 1.076e+01  0 2.256e+04 2.256e+01  1  0   0  0   0   1         0
9349.232 9.349  0   0  2 8.813e+03 8.813e+00  2 1.052e+04 1.052e+01  1  0   0  0   0   1         0
9312.413 9.312  0   0  2 4.207e+04 4.207e+01  2 5.185e+03 5.185e+00  1  0   0  0   0   1         0
9303.804 9.304  0   0  2 3.773e+03 3.773e+00  2 2.750e+04 2.750e+01  1  0   0  0   0   1         0
9328.121 9.328  0   0  6 3.954e+03 3.954e+00  6 1.515e+04 1.515e+01  1  0   0  0   0   1         0
9316.461 9.316  0   0  3 6.972e+03 6.972e+00  0 1.335e+04 1.335e+01  1  0   0  0   0   1         0
9316.138 9.316  0   0  1 3.035e+03 3.035e+00  0 1.592e-01 1.592e-04  1  0   0  0   0   1         0
9300.355 9.300  0   0  3 2.038e+02 2.038e-01  0 1.597e+04 1.597e+01  1  0   0  0   0   1         0
9329.835 9.330  0   0  2 1.522e+04 1.522e+01  2 1.168e+04 1.168e+01  1  0   0  0   0   1         0
9313.221 9.313  0   0  3 3.013e+03 3.013e+00  0 1.364e+04 1.364e+01  1  0   0  0   0   1         0
9309.408 9.309  0   0  7 7.201e+03 7.201e+00  0 9.642e+04 9.642e+01  1  0   0  0   0   1         0
9302.025 9.302  0   0  4 4.750e+03 4.750e+00  4 3.531e+04 3.531e+01  1  0   0  0   0   1         0
9318.241 9.318  0   0  2 3.129e+03 3.129e+00  2 3.058e+02 3.058e-01  1  0   0  0   0   1         0
9343.959 9.344  0   0  5 3.323e+00 3.323e-03  0 7.007e+02 7.007e-01  1  0   0  0   0   1         0
9316.855 9.317  0   0  5 6.369e+02 6.369e-01  0 6.186e+02 6.186e-01  1  0   0  0   0   1         0
9333.975 9.334  0   0  6 3.645e+03 3.645e+00  6 1.316e+03 1.316e+00  1  0   0  0   0   1         0
9373.572 9.374  0   0  3 1.045e+03 1.045e+00  0 6.439e+03 6.439e+00  1  0   0  0   0   1         0
9374.028 9.374  0   0  3 3.235e+03 3.235e+00  0 6.586e+03 6.586e+00  1  0   0  0   0   1         0
9399.883 9.400  0   0  1 4.722e+04 4.722e+01  0 3.365e+04 3.365e+01  1  0   0  0   0   1         0
9355.732 9.356  0   0  5 1.150e+03 1.150e+00  0 5.116e+02 5.116e-01  1  0   0  0   0   1         0
9392.610 9.393  0   0  2 1.269e+03 1.269e+00  2 2.651e+04 2.651e+01  1  0   0  0   0   1         0
9393.195 9.393  0   0  4 6.639e+01 6.639e-02  4 2.285e+04 2.285e+01  1  0   0  0   0   1         0
9377.684 9.378  0   0  4 2.350e+04 2.350e+01  4 3.954e+03 3.954e+00  1  0   0  0   0   1         0
9367.224 9.367  0   0  5 1.046e+03 1.046e+00  0 2.791e+03 2.791e+00  1  0   0  0   0   1         0
9404.348 9.404  0   0  3 5.917e+02 5.917e-01  0 4.156e-01 4.156e-04  1  0   0  0   0   1         0
9402.224 9.402  0   0  1 4.837e+02 4.837e-01  0 1.224e+04 1.224e+01  1  0   0  0   0   1         0
9449.884 9.450  0   0  3 1.935e+04 1.935e+01  0 1.445e+04 1.445e+01  1  0   0  0   0   1         0
9443.484 9.443  0   0  1 1.256e+03 1.256e+00  0 1.061e+04 1.061e+01  1  0   0  0   0   1         0
9444.152 9.444  0   0  2 1.362e+04 1.362e+01  2 8.269e+03 8.269e+00  1  0   0  0   0   1         0
9447.568 9.448  0   0  4 5.454e+03 5.454e+00  4 2.935e+02 2.935e-01  1  0   0  0   0   1         0
9421.940 9.422  0   0  2 1.263e+04 1.263e+01  2 2.438e+04 2.438e+01  1  0   0  0   0   1         0
9414.361 9.414  0   0  2 1.115e+01 1.115e-02  2 8.075e+02 8.075e-01  1  0   0  0   0   1         0
9406.512 9.407  0   0  4 1.497e+03 1.497e+00  4 1.583e+03 1.583e+00  1  0   0  0   0   1         0
9464.887 9.465  0   0  5 4.011e+01 4.011e-02  0 4.714e+04 4.714e+01  1  0   0  0   0   1         0
9460.526 9.461  0   0  4 7.066e+02 7.066e-01  4 1.157e+03 1.157e+00  1  0   0  0   0   1         0
9465.483 9.465  0   0  2 4.142e+03 4.142e+00  2 2.269e+04 2.269e+01  1  0   0  0   0   1         0
9460.173 9.460  0   0  2 4.071e+03 4.071e+00  2 7.377e+01 7.377e-02  1  0   0  0   0   1         0
9465.904 9.466  0   0  1 2.215e+03 2.215e+00  0 8.825e+02 8.825e-01  1  0   0  0   0   1         0
9454.154 9.454  0   0  2 3.427e+04 3.427e+01  2 7.688e+03 7.688e+00  1  0   0  0   0   1         0
9457.939 9.458  0   0  2 1.095e+03 1.095e+00  2 1.592e+01 1.592e-02  1  0   0  0   0   1         0
9470.876 9.471  0   0  6 7.279e+02 7.279e-01  6 1.382e+04 1.382e+01  1  0   0  0   0   1         0
9507.667 9.508  0   0  4 1.657e+04 1.657e+01  4 3.191e+04 3.191e+01  1  0   0  0   0   1         0
9516.585 9.517  0   0  4 1.132e+04 1.132e+01  4 5.856e+03 5.856e+00  1  0   0  0   0   1         0
9533.526 9.534  0   0  3 1.493e+04 1.493e+01  0 2.646e+04 2.646e+01  1  0   0  0   0   1         0
9521.975 9.522  0   0  7 7.571e+02 7.571e-01  0 1.921e+04 1.921e+01  1  0   0  0   0   1         0
9595.353 9.595  0   0  1 4.363e+02 4.363e-01  0 1.597e+04 1.597e+01  1  0   0  0   0   1         0
9578.700 9.579  0   0  6 1.171e+03 1.171e+00  6 1.867e+02 1.867e-01  1  0   0  0   0   1         0
9578.981 9.579  0   0  2 8.812e+03 8.812e+00  2 3.066e+03 3.066e+00  1  0   0  0   0   1         0
9558.378 9.558  0   0  2 2.633e+04 2.633e+01  2 2.026e+02 2.026e-01  1  0   0  0   0   1         0
9598.750 9.599  0   0  0 1.066e+04 1.066e+01  0 2.945e+03 2.945e+00  1  0   0  0   0   1         0
9562.769 9.563  0   0  4 2.970e+04 2.970e+01  4 1.360e+04 1.360e+01  1  0   0  0   0   1         0
9586.256 9.586  0   0  5 2.950e+03 2.950e+00  0 1.588e+02 1.588e-01  1  0   0  0   0   1         0
9589.805 9.590  0   0  7 8.823e+01 8.823e-02  0 5.873e+04 5.873e+01  1  0   0  0   0   1         0
9572.084 9.572  0   0  3 2.633e+04 2.633e+01  0 4.241e+02 4.241e-01  1  0   0  0   0   1         0
9634.927 9.635  0   0  4 1.005e+04 1.005e+01  4 1.107e+03 1.107e+00  1  0   0  0   0   1         0
9611.094 9.611  0   0  1 4.959e+00 4.959e-03  0 1.278e+04 1.278e+01  1  0   0  0   0   1         0
9616.259 9.616  0   0  6 1.111e+04 1.111e+01  6 4.907e+02 4.907e-01  1  0   0  0   0   1         0
9601.167 9.601  0   0  0 2.269e+03 2.269e+00  0 4.747e+03 4.747e+00  1  0   0  0   0   1         0
9607.688 9.608  0   0  4 1.406e+04 1.406e+01  4 1.087e+04 1.087e+01  1  0   0  0   0   1         0
9628.140 9.628  0   0  0 7.726e+03 7.726e+00  0 1.901e+03 1.901e+00  1  0   0  0   0   1         0
9632.676 9.633  0   0  6 5.052e+03 5.052e+00  6 1.057e+04 1.057e+01  1  0   0  0   0   1         0
9673.533 9.674  0   0  3 8.065e+03 8.065e+00  0 1.448e+03 1.448e+00  1  0   0  0   0   1         0
9664.535 9.665  0   0  2 9.423e+02 9.423e-01  2 3.964e+03 3.964e+00  1  0   0  0   0   1         0
9672.016 9.672  0   0  1 1.147e+04 1.147e+01  0 1.521e+04 1.521e+01  1  0   0  0   0   1         0
9684.300 9.684  0   0  3 9.731e+00 9.731e-03  0 3.064e+03 3.064e+00  1  0   0  0   0   1         0
9652.001 9.652  0   0  2 4.964e+03 4.964e+00  2 3.562e+03 3.562e+00  1  0   0  0   0   1         0
9689.767 9.690  0   0  0 2.141e+03 2.141e+00  0 4.965e+04 4.965e+01  1  0   0  0   0   1         0
9664.168 9.664  0   0  3 2.660e+04 2.660e+01  0 5.263e+02 5.263e-01  1  0   0  0   0   1         0
9684.148 9.684  0   0  3 3.352e+03 3.352e+00  0 1.053e+04 1.053e+01  1  0   0  0   0   1         0
9682.158 9.682  0   0  2 2.178e+02 2.178e-01  2 5.329e+02 5.329e-01  1  0   0  0   0   1         0
9682.653 9.683  0   0  4 3.449e+03 3.449e+00  4 1.291e+04 1.291e+01  1  0   0  0   0   1         0
9680.429 9.680  0   0  6 3.688e+03 3.688e+00  6 6.783e+03 6.783e+00  1  0   0  0   0   1         0
9697.959 9.698  0   0  5 1.824e+03 1.824e+00  0 2.411e+03 2.411e+00  1  0   0  0   0   1         0
9727.266 9.727  0   0  1 1.649e+04 1.649e+01  0 5.341e+04 5.341e+01  1  0   0  0   0   1         0
9733.044 9.733  0   0  3 3.537e+03 3.537e+00  0 5.000e+02 5.000e-01  1  0   0  0   0   1         0
9721.548 9.722  0   0  3 4.319e+03 4.319e+00  0 3.366e+01 3.366e-02  1  0   0  0   0   1         0
9763.196 9.763  0   0  0 1.748e+04 1.748e+01  0 4.694e+03 4.694e+00  1  0   0  0   0   1         0
9767.156 9.767  0   0  6 7.452e+03 7.452e+00  6 9.440e+03 9.440e+00  1  0   0  0   0   1         0
9782.476 9.782  0   0  6 1.373e+02 1.373e-01  6 2.582e+03 2.582e+00  1  0   0  0   0   1         0
9774.908 9.775  0   0  4 9.164e+02 9.164e-01  4 2.117e+02 2.117e-01  1  0   0  0   0   1         0
9754.669 9.755  0   0  1 3.334e+03 3.334e+00  0 1.512e+02 1.512e-01  1  0   0  0   0   1         0
9753.658 9.754  0   0  0 2.374e+02 2.374e-01  0 1.202e+04 1.202e+01  1  0   0  0   0   1         0
9759.297 9.759  0   0  2 4.234e+03 4.234e+00  2 1.257e+03 1.257e+00  1  0   0  0   0   1         0
9759.559 9.760  0   0  8 2.187e+03 2.187e+00  8 2.715e+03 2.715e+00  1  0   0  0   0   1         0
9780.437 9.780  0   0  0 1.108e+02 1.108e-01  0 2.992e+03 2.992e+00  1  0   0  0   0   1         0
9758.904 9.759  0   0  4 1.558e+03 1.558e+00  4 1.506e+03 1.506e+00  1  0   0  0   0   1         0
9794.096 9.794  0   0  1 3.190e+02 3.190e-01  0 1.805e+03 1.805e+00  1  0   0  0   0   1         0
9760.504 9.761  0   0  6 2.260e+01 2.260e-02  6 7.866e+03 7.866e+00  1  0   0  0   0   1         0
9822.662 9.823  0   0  6 2.166e+04 2.166e+01  6 3.269e+03 3.269e+00  1  0   0  0   0   1         0
9804.394 9.804  0   0  3 1.879e+02 1.879e-01  0 2.546e+03 2.546e+00  1  0   0  0   0   1         0
9836.082 9.836  0   0  2 1.259e+04 1.259e+01  2 1.890e+04 1.890e+01  1  0   0  0   0   1         0
9811.101 9.811  0   0  6 2.822e+03 2.822e+00  6 1.512e+03 1.512e+00  1  0   0  0   0   1         0
9809.684 9.810  0   0  2 7.540e+03 7.540e+00  2 1.294e+04 1.294e+01  1  0   0  0   0   1         0
9815.764 9.816  0   0  2 1.307e+04 1.307e+01  2 2.227e+03 2.227e+00  1  0   0  0   0   1         0
9845.127 9.845  0   0  2 1.122e+04 1.122e+01  2 1.504e+04 1.504e+01  1  0   0  0   0   1         0
9839.838 9.840  0   0  3 1.724e+02 1.724e-01  0 1.449e+04 1.449e+01  1  0   0  0   0   1         0
9859.064 9.859  0   0  4 2.523e+04 2.523e+01  4 1.040e+04 1.040e+01  1  0   0  0   0   1         0
9869.665 9.870  0   0  1 1.245e+02 1.245e-01  0 2.898e+04 2.898e+01  1  0   0  0   0   1         0
9882.377 9.882  0   0  1 1.276e+03 1.276e+00  0 1.061e+04 1.061e+01  1  0   0  0   0   1         0
9871.006 9.871  0   0  6 1.064e+03 1.064e+00  6 8.238e+03 8.238e+00  1  0   0  0   0   1         0
9858.754 9.859  0   0  6 1.114e+02 1.114e-01  6 1.677e+04 1.677e+01  1  0   0  0   0   1         0
9851.456 9.851  0   0  3 1.264e+03 1.264e+00  0 2.054e+04 2.054e+01  1  0   0  0   0   1         0
9870.352 9.870  0   0  5 8.768e+02 8.768e-01  0 3.462e+04 3.462e+01  1  0   0  0   0   1         0
9882.482 9.882  0   0  3 1.890e+04 1.890e+01  0 6.989e+03 6.989e+00  1  0   0  0   0   1         0
9878.722 9.879  0   0  5 2.226e+04 2.226e+01  0 1.083e+04 1.083e+01  1  0   0  0   0   1         0
9857.824 9.858  0   0  3 3.092e+03 3.092e+00  0 1.542e+04 1.542e+01  1  0   0  0   0   1         0
9872.558 9.873  0   0  2 6.686e+03 6.686e+00  2 4.481e+03 4.481e+00  1  0   0  0   0   1         0
9868.495 9.868  0   0  3 2.345e+03 2.345e+00  0 5.273e+03 5.273e+00  1  0   0  0   0   1         0
9863.729 9.864  0   0  3 9.596e+02 9.596e-01  0 4.074e+03 4.074e+00  1  0   0  0   0   1         0
9912.461 9.912  0   0  4 1.060e+04 1.060e+01  4 1.018e+04 1.018e+01  1  0   0  0   0   1         0
9900.972 9.901  0   0  4 2.061e+04 2.061e+01  4 4.208e+02 4.208e-01  1  0   0  0   0   1         0
9920.230 9.920  0   0  3 2.425e+04 2.425e+01  0 2.812e+02 2.812e-01  1  0   0  0   0   1         0
9926.847 9.927  0   0  0 7.753e+03 7.753e+00  0 2.898e+04 2.898e+01  1  0   0  0   0   1         0
9923.000 9.923  0   0  3 1.686e+02 1.686e-01  0 7.943e+02 7.943e-01  1  0   0  0   0   1         0
9948.104 9.948  0   0  1 1.159e+04 1.159e+01  0 1.029e+04 1.029e+01  1  0   0  0   0   1         0
9987.571 9.988  0   0  4 1.555e+03 1.555e+00  4 3.340e+02 3.340e-01  1  0   0  0   0   1         0
9959.517 9.960  0   0  1 6.362e+03 6.362e+00  0 1.054e+05 1.054e+02  1  0   0  0   0   1         0
9953.087 9.953  0   0  1 2.428e+00 2.428e-03  0 6.056e+02 6.056e-01  1  0   0  0   0   1         0
9972.463 9.972  0   0  6 4.631e+03 4.631e+00  6 8.137e+03 8.137e+00  1  0   0  0   0   1         0
9960.139 9.960  0   0  7 1.311e+01 1.311e-02  0 2.077e+04 2.077e+01  1  0   0  0   0   1         0
*************************************************** *************************************************** **********
Upper Limits of Resonances
Note: enter partial width upper limit by chosing non-zero va lue for PT, where PT=<theta^2> for particles and...
Note: ...PT=<B> for g-rays [enter: "upper_limit 0.0"]; for each resonance: # upper limits < # open channels!
Ecm DEcm Jr G1 DG1 L1 PT DPT G2 DG2 L2 PT DPT G3 DG3 L3 PT DPT Exf Int
497.38 0.08 2 9.28e-12 0 2 0.01 0 2.58e3 2.4e1 0 0 0 1.73 3e-2 1 0 0 0.0 1
548.16 0.10 2 3.80e-8 0 2 0.01 0 4.64e3 1.0e2 1 0 0 4.56 0.29 1 0 0 0.0 1
556.28 0.16 2 1.50e-8 0 2 0.01 0 1.44 1.6e-1 2 0 0 3.0 1.5 1 0 0 0.0 0
568.27 0.19 1 2.08e-7 0 1 0.01 0 5.40e-1 8.8e-2 1 0 0 3.0 1.5 1 0 0 0.0 0
628.43 0.10 2 2.40e-8 0 2 0.01 0 4.51e3 1.1e2 1 0 0 7.42 0.60 1 0 0 0.0 1
659.32 0.12 2 2.20e-8 0 2 0.01 0 5.40e2 5.4e1 0 0 0 3.24 0.35 1 0 0 0.0 1
665.11 0.11 4 1.44e-8 0 4 0.01 0 1.51e3 3.4e1 1 0 0 5.9e-1 2.4e-1 1 0 0 0.0 1
670.81 0.13 1 2.57e-8 0 1 0.01 0 1.26e3 1.0e2 1 0 0 7.9e-1 4.6e-1 1 0 0 0.0 1
671.59 0.12 2 1.54e-8 0 2 0.01 0 1.28e1 6.0 2 0 0 4.26 0.60 1 0 0 0.0 1
674.36 0.25 2 1.54e-8 0 2 0.01 0 1.54 0.46 1 0 0 3.0 1.5 1 0 0 0.0 0
681.21 0.13 3 1.43e-8 0 3 0.01 0 8.06e3 1.2e2 1 0 0 3.31 0.73 1 0 0 0.0 1
695.95 0.35 1 5.34e-9 0 1 0.01 0 1.12 0.40 1 0 0 3.0 1.5 1 0 0 0.0 0
711.34 0.54 1 4.11e-8 0 1 0.01 0 6.0e-1 3.2e-1 1 0 0 3.0 1.5 1 0 0 0.0 0
713.40 0.14 1 1.67e-7 0 1 0.01 0 4.24e2 8.6e1 1 0 0 3.63 0.47 1 0 0 0.0 1
714.34 0.55 1 4.12e-8 0 1 0.01 0 2.8 1.0 1 0 0 3.0 1.5 1 0 0 0.0 0
722.12 0.56 1 4.17e-8 0 1 0.01 0 1.42 0.56 1 0 0 3.0 1.5 1 0 0 0.0 0
729.15 0.15 2 4.00e-8 0 2 0.01 0 1.53e2 4.2e1 1 0 0 1.18 0.27 1 0 0 0.0 1
730.03 0.16 4 4.68e-9 0 4 0.01 0 4.13e3 1.9e2 3 0 0 1.82 0.38 1 0 0 0.0 1
777.78 0.16 5 3.34e-9 0 5 0.01 0 2.90e2 1.9e1 2 0 0 3.0 1.5 1 0 0 0.0 1
*************************************************** *************************************************** **********
Interference between Resonances [numerical integration o nly]
Note: + for positive, - for negative interference; +- if inte rference sign is unknown
Ecm DEcm Jr G1 DG1 L1 PT DPT G2 DG2 L2 PT DPT G3 DG3 L3 PT DPT Exf
!+-
0.0 0.0 0.0 0.0 0.0 0 0 0 0.0 0.0 0 0 0 0.0 0.0 0 0 0 0.0
0.0 0.0 0.0 0.0 0.0 0 0 0 0.0 0.0 0 0 0 0.0 0.0 0 0 0 0.0
*************************************************** *************************************************** **********
Comments:
1. Including results from Longland et al. 2009.
2. The 704 keV resonance is considered to be the same as the one seen in the 22Ne(a,g)26Mg reaction.
References: Longland et al. [135].
